Age,Gender,Race,Prior_Offenses,Risk_Score,Re-Offend,Employment_Status,Location,Family_Background
42,0,1,0,1,0,Employed,Rural,No Criminal Background
49,1,2,1,0.433469277,0,Student,Rural,Criminal Background
43,0,1,3,0.94683488,0,Part-Time,Urban,Criminal Background
69,1,1,1,0.545498076,0,Unemployed,Urban,No Criminal Background
39,1,0,3,0.232593599,0,Employed,Urban,No Criminal Background
48,1,3,1,0.360047776,1,Student,Rural,Criminal Background
60,1,3,3,0.070964633,0,Employed,Urban,Criminal Background
27,1,2,0,0.331777509,1,Employed,Urban,Criminal Background
29,0,3,2,0.585372987,1,Student,Rural,No Criminal Background
45,0,0,2,1,0,Student,Urban,Criminal Background
23,1,2,4,0.378443283,0,Unemployed,Rural,Criminal Background
37,0,2,3,1,0,Unemployed,Rural,No Criminal Background
22,0,3,4,0.251744103,0,Employed,Urban,No Criminal Background
40,1,1,4,0.240620811,0,Employed,Rural,Criminal Background
26,0,1,3,0.827226858,0,Unemployed,Rural,Criminal Background
46,0,1,2,1,0,Unemployed,Rural,No Criminal Background
33,0,1,3,0.064370428,0,Employed,Urban,Criminal Background
63,0,0,0,0.280864182,1,Part-Time,Rural,Criminal Background
39,1,2,4,0.47846785,0,Part-Time,Rural,Criminal Background
25,0,1,4,0.436925723,1,Part-Time,Urban,Criminal Background
37,1,0,3,0.712621079,0,Student,Urban,Criminal Background
68,1,2,4,0.61722642,0,Unemployed,Rural,No Criminal Background
31,0,3,2,0.185214767,0,Part-Time,Rural,Criminal Background
56,1,3,4,0.894465379,1,Part-Time,Urban,Criminal Background
54,0,0,3,0.42795716,0,Unemployed,Rural,No Criminal Background
67,1,2,2,0.731131109,0,Student,Urban,Criminal Background
51,0,1,2,1,1,Part-Time,Urban,Criminal Background
28,0,2,4,1,0,Student,Urban,No Criminal Background
57,1,1,3,0.690931349,0,Student,Rural,No Criminal Background
50,0,0,4,0.677419067,1,Employed,Urban,Criminal Background
48,0,1,0,0.508342214,1,Unemployed,Urban,No Criminal Background
61,0,0,0,0.745997223,0,Employed,Urban,Criminal Background
51,0,2,2,0.535207926,0,Part-Time,Rural,Criminal Background
67,1,2,4,0.459534983,1,Employed,Rural,No Criminal Background
24,1,1,0,1,1,Unemployed,Urban,No Criminal Background
66,1,2,1,0.050168843,0,Student,Urban,Criminal Background
40,0,1,0,1,1,Student,Rural,Criminal Background
63,1,2,4,0.89467333,0,Part-Time,Rural,Criminal Background
24,0,3,4,0.739839074,0,Unemployed,Rural,No Criminal Background
42,0,1,0,0.647067768,0,Student,Urban,No Criminal Background
20,0,0,4,0.41788751,0,Part-Time,Rural,Criminal Background
55,1,3,4,1,0,Unemployed,Urban,Criminal Background
37,1,0,1,0.127844733,0,Unemployed,Urban,Criminal Background
51,1,2,2,0.619725997,0,Employed,Rural,Criminal Background
66,1,3,4,0.68168159,0,Student,Urban,Criminal Background
61,0,2,3,1,0,Unemployed,Urban,Criminal Background
61,1,1,2,0.983056406,1,Student,Rural,Criminal Background
47,1,0,2,0.708231923,1,Student,Urban,Criminal Background
34,1,2,3,0.134334164,0,Unemployed,Urban,Criminal Background
27,1,0,0,0.392420193,1,Student,Rural,No Criminal Background
52,0,0,1,0.152725807,0,Employed,Urban,No Criminal Background
37,1,2,4,0.925273369,0,Part-Time,Rural,Criminal Background
35,1,1,0,0.944522656,1,Part-Time,Rural,Criminal Background
62,1,0,3,0.871167305,0,Unemployed,Urban,No Criminal Background
61,0,2,1,0.71748217,0,Employed,Urban,No Criminal Background
44,1,1,1,0.638874857,0,Part-Time,Rural,No Criminal Background
66,1,2,1,0.157469612,0,Employed,Rural,No Criminal Background
53,1,1,3,0.454978944,0,Unemployed,Urban,Criminal Background
40,0,0,0,0.150607372,1,Employed,Urban,Criminal Background
49,0,3,4,0.917015126,0,Unemployed,Urban,No Criminal Background
27,1,2,1,0.168240215,1,Part-Time,Rural,Criminal Background
28,1,0,1,0.70211355,1,Part-Time,Urban,Criminal Background
55,0,2,0,0.761480929,0,Part-Time,Urban,Criminal Background
23,0,2,1,0.505234927,0,Part-Time,Urban,No Criminal Background
58,0,1,1,0.178501823,0,Student,Urban,No Criminal Background
64,0,2,3,0.363594954,0,Employed,Rural,Criminal Background
51,0,1,2,0.443649049,0,Employed,Rural,No Criminal Background
53,1,0,0,0.700385133,1,Employed,Urban,No Criminal Background
54,1,2,0,0.130804472,1,Unemployed,Urban,No Criminal Background
34,1,0,0,0.957574286,0,Part-Time,Rural,Criminal Background
57,1,3,3,0.76100729,0,Part-Time,Urban,Criminal Background
57,0,0,3,0.23670294,0,Student,Rural,Criminal Background
29,0,2,4,0.913698347,0,Student,Rural,No Criminal Background
38,0,3,3,0.772132725,1,Part-Time,Rural,No Criminal Background
57,0,1,0,1,1,Employed,Rural,Criminal Background
36,0,3,4,0.207821411,0,Employed,Urban,No Criminal Background
20,1,2,2,0.182016822,0,Part-Time,Rural,No Criminal Background
35,1,2,1,0.271956584,0,Unemployed,Urban,No Criminal Background
68,1,0,1,0.365871703,0,Employed,Urban,No Criminal Background
36,1,1,4,1,0,Part-Time,Rural,Criminal Background
64,1,2,2,0.774820134,0,Part-Time,Rural,Criminal Background
23,0,2,1,1,0,Student,Rural,No Criminal Background
33,0,1,4,0.08513012,0,Student,Urban,Criminal Background
25,0,1,3,0.016017005,0,Part-Time,Rural,Criminal Background
65,0,0,0,0.928631151,0,Unemployed,Rural,Criminal Background
35,0,3,2,0.322577058,0,Part-Time,Rural,No Criminal Background
69,1,1,1,0.400894675,0,Employed,Urban,Criminal Background
65,1,2,0,0.726289791,0,Unemployed,Rural,No Criminal Background
60,1,1,4,0.148396615,0,Unemployed,Rural,Criminal Background
56,0,2,1,0.742312051,1,Student,Rural,Criminal Background
66,0,0,0,0.357662191,0,Part-Time,Urban,Criminal Background
66,0,3,3,0.803864565,0,Student,Rural,Criminal Background
29,0,0,2,0.917407604,1,Employed,Urban,No Criminal Background
62,1,1,4,0.2053336,0,Student,Urban,Criminal Background
27,0,2,1,1,1,Employed,Urban,Criminal Background
24,1,1,3,0.636825769,0,Part-Time,Urban,Criminal Background
63,0,1,2,1,0,Part-Time,Urban,Criminal Background
18,1,1,2,0.261739904,0,Student,Rural,Criminal Background
66,0,1,3,0.921716238,0,Student,Rural,No Criminal Background
53,0,3,1,0.444275829,0,Student,Urban,No Criminal Background
38,1,2,2,0.85164441,0,Employed,Urban,No Criminal Background
54,1,1,4,0.836154342,1,Unemployed,Urban,No Criminal Background
69,0,2,0,0.688118258,0,Unemployed,Urban,Criminal Background
41,1,3,4,0.958634677,0,Student,Rural,No Criminal Background
42,0,2,2,0.435570209,0,Student,Rural,No Criminal Background
24,0,2,0,0.266176048,1,Part-Time,Urban,Criminal Background
59,1,3,3,0.668911306,1,Student,Urban,No Criminal Background
34,0,1,0,0.823717537,1,Part-Time,Urban,No Criminal Background
46,0,2,0,0.507154288,0,Employed,Rural,Criminal Background
47,1,0,0,0.486610044,0,Employed,Urban,No Criminal Background
24,0,2,2,1,0,Employed,Rural,No Criminal Background
50,0,1,1,1,0,Employed,Rural,No Criminal Background
24,0,0,2,0.121661927,1,Student,Urban,No Criminal Background
41,0,1,1,0.323413506,1,Student,Rural,Criminal Background
28,1,2,3,1,0,Part-Time,Urban,No Criminal Background
26,1,3,3,0.762788831,0,Student,Rural,Criminal Background
29,1,1,3,1,0,Part-Time,Urban,Criminal Background
52,0,1,3,0.441206846,0,Employed,Urban,Criminal Background
21,1,3,3,0.74186686,0,Part-Time,Urban,Criminal Background
53,1,2,4,0.714002709,0,Part-Time,Urban,No Criminal Background
45,1,1,2,0.388990781,1,Student,Urban,No Criminal Background
30,0,2,1,0.605897958,0,Employed,Urban,No Criminal Background
40,1,2,3,0.757603747,1,Unemployed,Rural,Criminal Background
36,1,2,4,0.505188401,0,Student,Rural,Criminal Background
59,0,3,4,0.909896577,0,Student,Urban,Criminal Background
54,0,2,4,1,0,Unemployed,Rural,No Criminal Background
56,0,2,2,0.935660603,0,Employed,Urban,No Criminal Background
41,0,0,3,1,0,Unemployed,Rural,No Criminal Background
33,0,0,4,0.563736416,0,Part-Time,Rural,No Criminal Background
50,0,0,4,0.482519447,0,Unemployed,Urban,No Criminal Background
29,1,1,3,0.99765154,1,Employed,Urban,No Criminal Background
51,1,1,2,0.617653838,0,Employed,Rural,Criminal Background
24,0,0,4,0.32724281,1,Unemployed,Rural,Criminal Background
28,0,3,1,0.58598178,0,Student,Rural,No Criminal Background
48,1,3,0,0.17128366,0,Unemployed,Rural,Criminal Background
46,0,0,0,0.798832062,0,Part-Time,Rural,No Criminal Background
30,0,1,0,0.535424931,1,Unemployed,Rural,Criminal Background
48,1,1,2,0.395680056,0,Unemployed,Urban,No Criminal Background
19,0,3,4,1,0,Unemployed,Rural,No Criminal Background
56,0,2,0,0.940026005,0,Part-Time,Urban,No Criminal Background
32,1,3,0,0.950386425,0,Unemployed,Rural,Criminal Background
28,1,2,3,0.623721969,1,Student,Urban,No Criminal Background
51,1,1,4,1,0,Part-Time,Urban,Criminal Background
56,1,1,4,0.910994977,0,Student,Urban,No Criminal Background
21,1,0,3,0.598773704,1,Part-Time,Urban,Criminal Background
28,0,1,4,1,0,Employed,Rural,Criminal Background
46,0,2,1,0.210754445,0,Employed,Urban,No Criminal Background
19,0,3,2,1,0,Part-Time,Urban,No Criminal Background
33,0,0,3,0.463661077,1,Part-Time,Rural,No Criminal Background
56,0,2,0,0.610300826,1,Part-Time,Rural,Criminal Background
30,1,3,4,0.128876286,0,Employed,Rural,No Criminal Background
54,0,3,1,0.594118183,1,Part-Time,Urban,No Criminal Background
34,0,3,1,0.776538178,0,Employed,Rural,Criminal Background
38,0,1,2,1,0,Employed,Urban,Criminal Background
61,0,3,1,1,0,Part-Time,Urban,Criminal Background
36,0,1,4,1,0,Part-Time,Urban,No Criminal Background
24,1,3,4,0.402388209,0,Part-Time,Rural,No Criminal Background
55,0,3,1,1,1,Employed,Urban,No Criminal Background
25,0,1,4,0.691415834,0,Unemployed,Urban,No Criminal Background
30,0,1,4,1,1,Part-Time,Urban,Criminal Background
54,0,2,0,0.316059699,0,Unemployed,Rural,Criminal Background
19,0,3,3,0.671872921,0,Unemployed,Rural,Criminal Background
58,0,1,4,1,0,Unemployed,Urban,No Criminal Background
28,1,2,4,0.947031397,0,Student,Urban,Criminal Background
41,0,2,2,0.86492462,1,Unemployed,Urban,No Criminal Background
23,1,1,3,1,0,Unemployed,Urban,Criminal Background
43,1,3,3,0.203772835,1,Employed,Rural,Criminal Background
24,0,2,3,0.873206845,1,Student,Urban,No Criminal Background
56,0,3,1,0.713848684,0,Employed,Rural,Criminal Background
36,0,3,0,0.1107776,0,Employed,Urban,Criminal Background
23,1,2,0,0.130132858,0,Unemployed,Urban,No Criminal Background
60,0,1,2,0.150302854,0,Employed,Rural,Criminal Background
46,0,3,3,0.796792628,0,Part-Time,Urban,No Criminal Background
60,0,0,3,0.179269738,0,Unemployed,Urban,Criminal Background
56,1,1,4,0.589342662,0,Part-Time,Rural,Criminal Background
19,1,2,1,0.410529077,1,Unemployed,Urban,No Criminal Background
36,0,0,1,0.731207125,0,Unemployed,Rural,No Criminal Background
21,1,3,2,0.938377394,0,Unemployed,Rural,No Criminal Background
23,0,1,0,0.903833749,0,Student,Urban,Criminal Background
66,1,0,3,0.622490298,1,Unemployed,Rural,Criminal Background
54,0,1,2,0.643568135,0,Part-Time,Rural,No Criminal Background
45,1,3,1,0.503236728,0,Unemployed,Urban,No Criminal Background
47,0,1,1,1,1,Unemployed,Urban,No Criminal Background
24,0,0,1,0.400330684,1,Employed,Urban,No Criminal Background
26,1,1,3,0.375821075,1,Unemployed,Rural,Criminal Background
42,1,2,3,0.854812818,0,Unemployed,Urban,Criminal Background
50,1,2,3,0.43441438,1,Unemployed,Rural,No Criminal Background
18,1,0,4,0.97404839,0,Unemployed,Urban,No Criminal Background
68,1,1,0,0.452486432,1,Unemployed,Urban,Criminal Background
23,0,0,1,0.976756223,0,Unemployed,Urban,Criminal Background
35,0,1,1,0.062521083,1,Student,Rural,Criminal Background
27,1,3,4,0.404841024,1,Part-Time,Rural,Criminal Background
45,0,2,1,0.396430852,0,Student,Rural,Criminal Background
28,0,3,1,0.898346613,1,Part-Time,Urban,Criminal Background
50,1,1,3,1,0,Student,Urban,No Criminal Background
18,0,3,3,0.583014815,0,Unemployed,Urban,No Criminal Background
30,0,0,0,0.907319905,0,Student,Urban,Criminal Background
54,1,0,1,0.699694701,1,Part-Time,Urban,No Criminal Background
37,1,1,2,1,0,Employed,Urban,No Criminal Background
18,0,2,1,0.892219366,0,Employed,Urban,Criminal Background
69,1,0,1,0.093554765,0,Unemployed,Rural,Criminal Background
20,0,2,0,0.902301379,1,Unemployed,Urban,No Criminal Background
35,1,1,2,0.642599659,1,Part-Time,Urban,Criminal Background
58,1,2,1,0.017257861,0,Employed,Rural,Criminal Background
31,1,1,2,0.346811883,0,Unemployed,Urban,No Criminal Background
48,1,3,3,0.921755245,0,Student,Urban,No Criminal Background
44,0,1,3,1,0,Student,Rural,No Criminal Background
34,1,3,2,0.79885046,0,Employed,Urban,Criminal Background
63,1,1,1,1,0,Part-Time,Rural,No Criminal Background
46,0,0,2,1,1,Unemployed,Urban,Criminal Background
53,0,0,2,0.013553712,0,Unemployed,Rural,Criminal Background
54,0,2,3,0.36411044,0,Unemployed,Urban,No Criminal Background
43,0,1,2,0.042445117,0,Employed,Rural,No Criminal Background
34,1,1,4,0.112929562,0,Student,Urban,Criminal Background
39,0,1,4,0.303313372,0,Part-Time,Rural,Criminal Background
42,1,2,3,0.503558546,0,Employed,Urban,Criminal Background
19,0,0,1,0.932285204,1,Employed,Urban,Criminal Background
39,1,1,1,1,0,Unemployed,Urban,No Criminal Background
22,0,2,3,0.711713147,0,Student,Rural,No Criminal Background
21,1,1,1,1,1,Part-Time,Rural,No Criminal Background
53,1,3,0,0.500062327,1,Part-Time,Urban,No Criminal Background
23,0,1,4,1,1,Unemployed,Urban,Criminal Background
69,1,3,0,0.476768519,1,Part-Time,Rural,Criminal Background
38,1,2,0,0.291086258,1,Student,Rural,No Criminal Background
30,1,2,0,1,0,Unemployed,Rural,No Criminal Background
54,1,0,3,0.468431604,1,Unemployed,Rural,Criminal Background
42,0,1,0,0.767489904,0,Student,Rural,Criminal Background
43,1,2,2,0.345303664,0,Part-Time,Rural,Criminal Background
56,1,0,1,0.6628376,0,Student,Urban,No Criminal Background
37,0,1,3,1,0,Part-Time,Urban,No Criminal Background
50,0,2,2,0.028064904,0,Part-Time,Urban,Criminal Background
31,0,3,2,1,0,Part-Time,Rural,No Criminal Background
53,1,2,4,0.00412236,0,Student,Rural,Criminal Background
34,1,3,4,0.364227881,1,Student,Urban,No Criminal Background
38,0,0,2,0.204014236,1,Employed,Urban,Criminal Background
63,1,0,4,0.79520887,0,Student,Rural,No Criminal Background
33,0,1,1,0.084509982,1,Unemployed,Urban,Criminal Background
63,1,1,1,0.84019016,0,Unemployed,Urban,No Criminal Background
33,0,1,4,0.517091041,1,Unemployed,Rural,Criminal Background
37,1,0,0,0.169092865,0,Unemployed,Urban,Criminal Background
46,0,3,2,0.933900037,0,Employed,Urban,Criminal Background
45,1,1,1,0.301339732,0,Student,Rural,Criminal Background
25,0,1,4,0.310013844,0,Student,Rural,No Criminal Background
41,1,0,4,0.317713687,0,Part-Time,Rural,Criminal Background
20,1,3,1,0.677715612,0,Student,Rural,Criminal Background
42,1,2,1,0.659665932,0,Part-Time,Urban,Criminal Background
36,0,1,0,0.025558864,0,Part-Time,Urban,No Criminal Background
50,1,2,4,0.321263344,0,Unemployed,Rural,Criminal Background
19,1,2,4,0.452519385,1,Employed,Rural,No Criminal Background
32,1,1,3,0.41829096,0,Employed,Rural,Criminal Background
39,0,0,0,0.972587724,0,Student,Urban,Criminal Background
27,1,1,1,0.945250477,0,Part-Time,Urban,Criminal Background
35,0,3,1,0.870926235,1,Unemployed,Urban,Criminal Background
39,1,3,2,0.39043899,0,Part-Time,Rural,No Criminal Background
63,0,1,1,1,1,Unemployed,Rural,No Criminal Background
66,0,2,4,0.928001814,0,Part-Time,Urban,Criminal Background
44,1,3,1,0.594830377,0,Student,Urban,Criminal Background
30,0,3,4,0.996658294,0,Student,Rural,Criminal Background
50,0,1,4,1,0,Part-Time,Rural,No Criminal Background
22,1,1,0,0.720389012,0,Employed,Rural,Criminal Background
43,0,0,1,0.414657358,0,Unemployed,Rural,No Criminal Background
30,0,1,0,1,0,Employed,Rural,No Criminal Background
44,0,1,4,0.286619764,1,Employed,Rural,Criminal Background
31,0,3,1,0.90030904,0,Part-Time,Rural,No Criminal Background
41,1,3,1,0.971490131,0,Unemployed,Rural,Criminal Background
20,0,3,0,1,0,Unemployed,Urban,No Criminal Background
64,0,2,0,0.520207568,0,Student,Urban,Criminal Background
68,1,3,4,0.192480768,0,Part-Time,Urban,Criminal Background
66,1,3,4,0.115180758,1,Part-Time,Rural,Criminal Background
47,0,1,1,0.981236851,1,Part-Time,Urban,Criminal Background
52,1,0,1,0.886261385,0,Student,Urban,Criminal Background
65,1,3,3,0.715922195,1,Student,Urban,Criminal Background
31,1,0,3,0.174073273,0,Unemployed,Rural,No Criminal Background
29,1,3,2,0.981641271,0,Student,Rural,No Criminal Background
45,1,3,4,1,0,Part-Time,Rural,No Criminal Background
61,1,0,2,0.476716471,0,Part-Time,Urban,Criminal Background
46,1,1,2,0.713790347,0,Employed,Urban,Criminal Background
60,1,3,0,0.816089946,0,Student,Rural,Criminal Background
34,1,0,0,0.73638979,0,Part-Time,Urban,Criminal Background
57,0,3,3,1,1,Part-Time,Urban,Criminal Background
66,0,2,2,0.152593466,0,Unemployed,Rural,Criminal Background
38,0,2,3,0.67073722,1,Student,Rural,No Criminal Background
40,0,2,4,0.79918079,0,Part-Time,Rural,Criminal Background
37,0,2,1,1,0,Unemployed,Rural,Criminal Background
28,1,1,0,1,1,Employed,Rural,Criminal Background
51,1,2,4,1,0,Employed,Rural,Criminal Background
27,0,0,4,0.680168206,0,Unemployed,Rural,Criminal Background
27,0,3,0,0.959528801,0,Student,Rural,No Criminal Background
60,1,0,0,0.448645794,0,Part-Time,Rural,Criminal Background
23,0,2,2,0.487772529,0,Student,Rural,Criminal Background
53,1,1,3,0.36710178,0,Unemployed,Rural,No Criminal Background
41,0,2,4,0.945064067,1,Part-Time,Rural,No Criminal Background
29,1,2,2,1,0,Part-Time,Urban,Criminal Background
60,0,1,2,0.355289635,0,Part-Time,Rural,No Criminal Background
40,1,1,4,0.067357906,0,Student,Urban,No Criminal Background
44,0,1,4,1,0,Student,Urban,Criminal Background
62,0,1,1,0.94150922,0,Unemployed,Urban,No Criminal Background
54,1,1,3,1,0,Employed,Rural,Criminal Background
23,1,1,4,0.365494628,0,Unemployed,Rural,No Criminal Background
18,0,3,0,0.082036945,1,Part-Time,Rural,Criminal Background
23,0,2,1,0.719495076,0,Unemployed,Rural,Criminal Background
67,1,2,3,0.085466023,1,Employed,Urban,No Criminal Background
39,1,1,0,0.361270202,0,Unemployed,Urban,No Criminal Background
58,1,0,0,0.132276754,0,Employed,Rural,Criminal Background
41,0,1,3,0.341711921,0,Employed,Rural,Criminal Background
42,0,3,1,0.122597074,1,Part-Time,Rural,No Criminal Background
32,1,0,0,1,0,Employed,Rural,Criminal Background
43,0,3,2,0.337060883,1,Student,Urban,No Criminal Background
25,0,0,3,0.648567665,1,Unemployed,Rural,No Criminal Background
68,1,0,3,1,1,Unemployed,Urban,No Criminal Background
41,0,1,4,0.938767721,0,Student,Rural,Criminal Background
65,1,3,1,0.648939355,1,Student,Rural,Criminal Background
55,1,0,2,0.74084135,1,Part-Time,Rural,No Criminal Background
23,0,3,2,1,0,Unemployed,Rural,No Criminal Background
52,0,1,4,1,1,Student,Rural,Criminal Background
59,1,1,0,0.890698584,1,Part-Time,Rural,Criminal Background
18,1,1,0,1,0,Unemployed,Urban,Criminal Background
63,1,1,2,0.738848588,0,Unemployed,Urban,No Criminal Background
53,0,2,1,0.320270939,0,Student,Rural,No Criminal Background
29,1,0,0,0.880076709,0,Employed,Urban,Criminal Background
55,1,2,3,0.625401116,0,Employed,Rural,No Criminal Background
28,1,1,4,1,0,Student,Urban,No Criminal Background
29,1,0,1,0.042176205,0,Employed,Rural,Criminal Background
59,0,0,0,0.502857426,0,Unemployed,Urban,No Criminal Background
67,0,3,2,1,1,Part-Time,Rural,Criminal Background
56,1,1,4,0.299580111,0,Part-Time,Urban,Criminal Background
24,0,2,0,1,1,Student,Urban,Criminal Background
28,0,3,2,1,0,Part-Time,Rural,Criminal Background
53,0,0,0,1,1,Student,Rural,No Criminal Background
69,1,2,4,0.591851447,1,Employed,Rural,Criminal Background
48,0,1,3,1,0,Unemployed,Rural,Criminal Background
50,0,2,3,1,0,Employed,Rural,Criminal Background
30,1,2,2,0.775897082,0,Student,Urban,No Criminal Background
35,1,2,3,0.760838323,1,Unemployed,Rural,No Criminal Background
58,0,3,4,1,1,Unemployed,Rural,No Criminal Background
41,0,0,2,0.867380945,0,Unemployed,Urban,No Criminal Background
26,1,2,0,0.975481992,0,Employed,Urban,Criminal Background
48,1,0,1,0.065996746,0,Unemployed,Urban,No Criminal Background
58,1,3,0,0.160499228,0,Employed,Rural,No Criminal Background
27,1,1,4,0.568838146,1,Employed,Rural,No Criminal Background
19,0,1,2,0.584247022,0,Unemployed,Urban,Criminal Background
55,1,2,0,0.861008325,1,Student,Urban,Criminal Background
32,0,3,2,0.234669139,1,Unemployed,Rural,Criminal Background
20,0,1,3,1,1,Unemployed,Urban,Criminal Background
60,0,3,1,0.363901086,0,Employed,Rural,No Criminal Background
48,1,3,4,0.493262264,0,Unemployed,Urban,No Criminal Background
23,1,2,0,0.274745032,0,Student,Urban,No Criminal Background
20,0,2,1,0.769539725,1,Unemployed,Rural,No Criminal Background
28,0,3,4,0.06449157,0,Student,Urban,No Criminal Background
32,0,3,4,0.164645256,0,Part-Time,Urban,Criminal Background
62,0,2,3,0.947535982,1,Part-Time,Rural,No Criminal Background
69,0,3,2,0.236948991,0,Part-Time,Rural,Criminal Background
45,1,2,2,0.270841619,0,Unemployed,Urban,Criminal Background
27,1,0,1,0.832631348,0,Employed,Rural,Criminal Background
55,1,3,3,0.097966237,0,Student,Rural,No Criminal Background
64,0,2,4,0.505282265,0,Part-Time,Rural,No Criminal Background
67,0,3,3,0.025369726,0,Student,Urban,Criminal Background
67,1,2,3,0.346807399,1,Employed,Urban,No Criminal Background
24,1,3,1,0.698981403,1,Student,Urban,No Criminal Background
32,0,1,2,0.118936329,0,Student,Urban,No Criminal Background
35,1,1,3,1,1,Part-Time,Urban,No Criminal Background
35,1,3,3,0.909499043,0,Student,Urban,Criminal Background
69,1,1,3,0.12598845,0,Part-Time,Urban,No Criminal Background
58,0,3,0,1,1,Employed,Rural,No Criminal Background
41,0,3,3,0.343646634,0,Part-Time,Rural,No Criminal Background
19,1,0,3,0.084101671,0,Student,Urban,Criminal Background
57,0,0,4,0.005573826,0,Employed,Urban,Criminal Background
37,1,1,0,0.591949676,0,Unemployed,Rural,No Criminal Background
51,1,0,3,0.724281484,0,Unemployed,Urban,No Criminal Background
60,0,0,3,0.365397175,1,Employed,Urban,No Criminal Background
43,0,3,1,0.920389102,0,Employed,Urban,No Criminal Background
24,0,2,1,0.827680248,1,Student,Rural,Criminal Background
55,1,3,0,0.42282005,0,Unemployed,Rural,Criminal Background
47,1,0,4,0.77102515,0,Employed,Rural,Criminal Background
59,1,3,0,1,0,Unemployed,Urban,Criminal Background
22,0,1,0,0.148385712,0,Unemployed,Rural,Criminal Background
28,1,2,1,0.321409158,1,Student,Rural,Criminal Background
18,1,0,1,0.509658533,0,Employed,Urban,No Criminal Background
51,1,0,4,0.547789141,0,Part-Time,Urban,Criminal Background
18,1,3,3,0.542195645,0,Employed,Urban,Criminal Background
36,0,3,4,0.380293037,0,Unemployed,Urban,Criminal Background
19,0,3,3,0.770684891,0,Part-Time,Rural,No Criminal Background
38,0,3,2,0.745072602,0,Part-Time,Rural,Criminal Background
37,1,0,1,0.664494732,0,Unemployed,Urban,Criminal Background
40,1,3,2,0.113761722,0,Part-Time,Urban,Criminal Background
38,1,0,2,0.476967891,1,Part-Time,Urban,Criminal Background
41,0,3,1,0.431034534,0,Employed,Urban,No Criminal Background
21,0,2,2,0.621163664,1,Unemployed,Urban,No Criminal Background
29,0,2,0,1,0,Student,Rural,No Criminal Background
39,0,3,3,0.528584477,0,Part-Time,Urban,Criminal Background
37,0,3,4,0.018569987,0,Unemployed,Rural,No Criminal Background
35,1,1,1,0.526604086,0,Employed,Urban,No Criminal Background
18,0,2,0,0.947848648,0,Employed,Rural,No Criminal Background
47,0,0,4,0.943873717,0,Employed,Urban,No Criminal Background
50,0,2,4,0.564729081,0,Part-Time,Urban,No Criminal Background
41,1,0,4,0.28848321,1,Student,Rural,Criminal Background
31,0,3,2,0.590895146,1,Employed,Rural,Criminal Background
53,0,2,2,0.651076063,1,Student,Rural,Criminal Background
22,0,2,2,1,0,Unemployed,Rural,Criminal Background
28,1,1,2,0.811664394,0,Employed,Rural,Criminal Background
41,1,1,0,0.962251193,0,Part-Time,Rural,Criminal Background
48,0,2,2,0.567629536,0,Employed,Rural,No Criminal Background
30,0,2,1,0.409435431,0,Part-Time,Rural,No Criminal Background
33,0,2,4,1,0,Unemployed,Urban,Criminal Background
41,0,0,0,0.598868112,0,Student,Urban,Criminal Background
30,1,3,2,1,1,Student,Urban,Criminal Background
41,0,1,4,0.633569116,1,Student,Rural,Criminal Background
43,1,3,0,0.071400298,0,Employed,Rural,No Criminal Background
19,0,1,4,0.991103455,0,Employed,Urban,No Criminal Background
33,1,1,0,0.074341809,1,Unemployed,Rural,Criminal Background
55,1,1,3,0.300601916,0,Student,Urban,Criminal Background
63,0,2,0,0.469852834,0,Unemployed,Rural,Criminal Background
18,1,1,2,0.931749318,0,Part-Time,Rural,Criminal Background
66,0,3,4,0.570842495,0,Employed,Rural,Criminal Background
28,1,1,4,0.036093873,0,Student,Rural,Criminal Background
68,1,3,4,0.678534836,1,Employed,Urban,No Criminal Background
52,0,1,1,0.597405417,0,Student,Urban,No Criminal Background
60,0,1,1,1,0,Student,Urban,No Criminal Background
46,1,2,2,0.524540427,0,Employed,Rural,No Criminal Background
54,1,3,3,0.708975146,1,Employed,Urban,Criminal Background
34,0,1,1,0.332242371,0,Unemployed,Urban,No Criminal Background
56,0,1,0,1,0,Employed,Urban,No Criminal Background
59,0,3,2,0.872355926,0,Employed,Urban,Criminal Background
45,1,1,3,1,0,Employed,Urban,No Criminal Background
46,0,0,0,0.040924186,0,Part-Time,Urban,No Criminal Background
60,0,2,4,0.568549636,0,Part-Time,Rural,No Criminal Background
20,1,3,1,0.78442449,1,Part-Time,Rural,Criminal Background
69,0,2,0,0.12640145,1,Unemployed,Rural,Criminal Background
27,0,0,3,0.545384852,0,Unemployed,Rural,Criminal Background
59,0,0,2,1,0,Student,Urban,Criminal Background
31,0,0,0,0.551457131,0,Unemployed,Urban,No Criminal Background
29,1,3,2,1,1,Employed,Rural,Criminal Background
64,0,0,4,0.062522967,0,Student,Urban,Criminal Background
59,0,3,3,0.789612754,1,Employed,Urban,Criminal Background
47,0,3,3,0.63911786,0,Student,Urban,No Criminal Background
49,0,1,1,0.797810191,1,Unemployed,Rural,No Criminal Background
49,0,3,3,1,1,Part-Time,Urban,No Criminal Background
59,0,0,0,0.149746213,1,Employed,Rural,No Criminal Background
49,1,3,0,0.940798899,0,Student,Rural,Criminal Background
43,1,3,0,0.691240411,0,Part-Time,Urban,No Criminal Background
68,1,2,4,0.271945877,0,Employed,Rural,Criminal Background
18,0,0,3,1,0,Employed,Rural,No Criminal Background
59,0,3,3,0.49583563,0,Part-Time,Rural,Criminal Background
19,0,1,0,1,0,Unemployed,Rural,No Criminal Background
34,1,3,1,0.408278343,0,Part-Time,Rural,No Criminal Background
47,0,3,1,1,0,Unemployed,Urban,No Criminal Background
56,1,2,3,0.636629118,0,Student,Urban,No Criminal Background
24,0,0,3,0.20607971,0,Unemployed,Rural,Criminal Background
69,0,0,2,0.750360954,0,Student,Rural,No Criminal Background
44,1,1,3,0.241094401,0,Student,Rural,Criminal Background
26,1,1,0,0.519022511,1,Student,Rural,Criminal Background
39,1,1,4,0.214572436,0,Student,Rural,No Criminal Background
51,1,3,3,0.023116921,0,Employed,Rural,No Criminal Background
63,1,3,3,0.244728953,0,Student,Rural,No Criminal Background
66,1,1,0,0.708011071,0,Employed,Urban,No Criminal Background
18,0,0,2,0.61182321,0,Employed,Rural,Criminal Background
26,1,0,3,0.501497096,1,Student,Urban,Criminal Background
37,0,1,1,0.375988681,0,Unemployed,Urban,No Criminal Background
36,0,2,1,0.910065365,0,Unemployed,Rural,Criminal Background
53,0,0,1,0.774689616,0,Part-Time,Urban,No Criminal Background
57,0,0,4,0.413452839,0,Employed,Rural,Criminal Background
62,0,1,4,1,1,Employed,Urban,No Criminal Background
21,1,0,3,0.740626699,0,Unemployed,Urban,Criminal Background
26,1,3,3,0.748691239,1,Employed,Rural,No Criminal Background
58,1,3,3,0.318940906,0,Unemployed,Urban,No Criminal Background
39,0,0,4,0.000672799,1,Part-Time,Urban,No Criminal Background
35,1,3,3,0.865375612,0,Student,Urban,No Criminal Background
29,0,2,0,0.995133505,0,Student,Urban,Criminal Background
59,0,0,2,0.142286631,1,Student,Rural,No Criminal Background
60,0,1,1,0.493818778,0,Part-Time,Urban,No Criminal Background
56,0,3,1,0.763846901,0,Employed,Rural,Criminal Background
26,1,2,0,0.6847164,0,Part-Time,Rural,Criminal Background
23,1,2,3,0.903367852,0,Employed,Rural,No Criminal Background
36,1,3,4,0.14728157,0,Employed,Rural,Criminal Background
65,1,2,3,0.429939748,0,Student,Urban,Criminal Background
64,1,0,3,0.111808081,0,Unemployed,Urban,No Criminal Background
24,0,2,1,0.542121788,0,Unemployed,Urban,No Criminal Background
33,1,3,1,0.015107446,0,Student,Urban,No Criminal Background
22,0,2,4,1,0,Employed,Rural,No Criminal Background
33,0,3,1,0.669609398,1,Part-Time,Rural,No Criminal Background
18,0,3,3,0.934782487,0,Student,Urban,Criminal Background
68,1,2,0,0.062899936,1,Student,Rural,Criminal Background
54,0,3,4,0.262714118,0,Part-Time,Rural,No Criminal Background
56,0,3,0,0.329542284,0,Employed,Rural,No Criminal Background
36,1,1,3,0.487231283,0,Student,Rural,No Criminal Background
54,0,0,4,1,0,Student,Rural,No Criminal Background
34,0,3,0,0.491121779,0,Employed,Rural,Criminal Background
43,0,0,4,0.260012309,0,Part-Time,Rural,Criminal Background
39,1,1,3,0.081887728,0,Part-Time,Rural,No Criminal Background
25,0,1,4,0.126701898,1,Unemployed,Rural,Criminal Background
50,0,1,3,1,1,Unemployed,Urban,Criminal Background
19,1,1,4,0.587139948,0,Part-Time,Urban,No Criminal Background
47,1,0,4,0.876863705,0,Unemployed,Rural,No Criminal Background
64,0,2,1,0.94940253,0,Unemployed,Urban,Criminal Background
37,1,2,3,0.142130585,0,Employed,Rural,Criminal Background
35,1,0,2,0.165035564,0,Student,Rural,Criminal Background
60,1,3,4,0.868643318,0,Unemployed,Urban,Criminal Background
27,1,0,0,0.829458538,1,Unemployed,Urban,No Criminal Background
41,1,3,1,0.396932305,0,Employed,Rural,Criminal Background
21,1,3,1,0.081293376,0,Part-Time,Rural,No Criminal Background
54,1,2,4,0.013912725,1,Unemployed,Urban,Criminal Background
21,0,1,2,0.399385532,0,Student,Rural,Criminal Background
30,1,2,1,0.010605615,0,Unemployed,Urban,No Criminal Background
42,1,2,3,0.241576252,1,Student,Rural,No Criminal Background
30,1,0,4,0.440475777,0,Part-Time,Rural,Criminal Background
35,0,0,4,0.153590943,0,Unemployed,Urban,Criminal Background
41,1,3,2,0.109491646,0,Student,Rural,No Criminal Background
19,1,0,3,0.896437436,0,Student,Urban,Criminal Background
65,0,3,3,0.676217884,1,Student,Rural,No Criminal Background
50,1,3,2,0.934455687,0,Part-Time,Urban,No Criminal Background
36,0,1,0,0.527246569,0,Student,Rural,Criminal Background
26,0,1,3,0.893831317,0,Employed,Urban,Criminal Background
45,1,2,0,0.204691675,1,Part-Time,Urban,No Criminal Background
52,0,1,0,0.816209219,0,Student,Urban,No Criminal Background
56,1,3,4,0.12958573,0,Part-Time,Urban,No Criminal Background
27,1,0,4,0.002080639,1,Part-Time,Urban,No Criminal Background
18,0,1,1,1,1,Employed,Urban,No Criminal Background
59,0,1,4,0.769083605,0,Student,Rural,No Criminal Background
38,1,1,3,1,0,Part-Time,Urban,Criminal Background
26,1,1,3,0.42062772,0,Part-Time,Rural,Criminal Background
64,0,3,0,0.416452201,0,Student,Rural,No Criminal Background
32,1,3,3,0.400655002,0,Employed,Urban,Criminal Background
52,1,2,4,0.852544488,0,Unemployed,Rural,No Criminal Background
22,1,0,4,0.653508972,0,Student,Rural,No Criminal Background
58,0,2,4,1,0,Unemployed,Urban,No Criminal Background
39,1,2,2,0.025440901,1,Student,Urban,Criminal Background
58,1,1,3,0.849835126,0,Student,Urban,Criminal Background
40,1,0,1,0.330327689,0,Part-Time,Urban,No Criminal Background
24,0,1,3,0.274784226,1,Student,Rural,No Criminal Background
40,0,3,3,0.617578703,0,Employed,Urban,Criminal Background
61,0,2,2,0.555570163,0,Employed,Urban,Criminal Background
42,1,0,3,0.137011029,0,Student,Urban,No Criminal Background
44,0,3,0,0.233189945,0,Part-Time,Rural,No Criminal Background
58,1,2,4,0.471430188,0,Part-Time,Rural,Criminal Background
23,0,0,4,0.517146437,0,Unemployed,Urban,Criminal Background
51,1,2,2,0.31755814,0,Student,Urban,No Criminal Background
26,0,0,4,0.206700578,0,Unemployed,Urban,No Criminal Background
66,1,2,0,0.005051599,0,Part-Time,Rural,No Criminal Background
50,1,1,2,1,0,Employed,Rural,No Criminal Background
68,0,2,1,1,0,Part-Time,Rural,No Criminal Background
23,1,2,4,0.507832898,0,Employed,Rural,No Criminal Background
54,0,0,3,1,1,Unemployed,Urban,Criminal Background
48,0,0,0,0.855877827,0,Part-Time,Rural,Criminal Background
51,1,1,0,0.082629045,0,Employed,Urban,Criminal Background
58,1,0,4,0.135375929,0,Unemployed,Urban,No Criminal Background
46,0,2,1,1,0,Part-Time,Urban,No Criminal Background
31,0,0,3,0.693057422,1,Student,Urban,Criminal Background
53,0,0,1,1,1,Part-Time,Rural,Criminal Background
53,1,0,1,1,0,Unemployed,Urban,No Criminal Background
32,0,1,4,0.620847628,1,Part-Time,Rural,Criminal Background
25,1,1,3,0.070314104,0,Unemployed,Rural,Criminal Background
43,1,3,4,0.217463803,1,Employed,Rural,No Criminal Background
53,0,1,4,0.08787497,0,Part-Time,Urban,Criminal Background
65,0,1,0,0.315157794,0,Unemployed,Urban,Criminal Background
38,1,1,4,0.623188982,1,Unemployed,Urban,Criminal Background
45,1,2,2,0.118196811,0,Student,Urban,No Criminal Background
21,1,3,3,0.166733248,1,Employed,Urban,No Criminal Background
33,1,2,0,0.468112871,0,Student,Rural,Criminal Background
39,0,1,3,0.449025655,0,Student,Urban,Criminal Background
29,1,1,0,0.589249236,0,Part-Time,Rural,No Criminal Background
33,0,3,2,0.570047746,0,Unemployed,Rural,No Criminal Background
68,0,3,4,0.941630732,0,Unemployed,Rural,No Criminal Background
57,0,0,0,1,0,Unemployed,Rural,No Criminal Background
55,1,1,0,0.142380927,0,Part-Time,Urban,No Criminal Background
59,1,1,0,0.119112179,1,Part-Time,Urban,Criminal Background
54,0,2,2,0.938086722,0,Employed,Urban,No Criminal Background
46,0,0,3,0.643377013,1,Student,Rural,Criminal Background
35,0,1,2,1,0,Employed,Rural,Criminal Background
27,0,2,0,0.248812299,0,Employed,Rural,No Criminal Background
59,1,3,0,0.870305702,0,Part-Time,Rural,No Criminal Background
56,0,2,4,1,1,Unemployed,Rural,No Criminal Background
35,1,1,2,0.8007086,0,Part-Time,Rural,Criminal Background
18,1,2,2,0.105879021,0,Part-Time,Urban,No Criminal Background
56,1,2,1,1,1,Part-Time,Rural,Criminal Background
38,1,0,3,0.8717365,0,Employed,Urban,No Criminal Background
18,0,0,1,1,1,Unemployed,Urban,Criminal Background
32,1,3,1,0.036728189,0,Part-Time,Urban,Criminal Background
21,0,0,3,1,0,Employed,Rural,No Criminal Background
37,1,2,4,0.151746112,0,Part-Time,Urban,No Criminal Background
27,0,0,4,0.244624794,0,Student,Urban,Criminal Background
40,0,1,3,0.919895213,1,Unemployed,Rural,Criminal Background
58,0,2,3,0.320626735,1,Employed,Urban,No Criminal Background
51,0,2,2,0.727483027,0,Student,Urban,Criminal Background
63,0,2,2,0.772553504,1,Part-Time,Rural,Criminal Background
65,1,1,2,0.136268493,0,Student,Rural,No Criminal Background
50,0,2,2,0.833466523,0,Student,Rural,No Criminal Background
51,1,0,0,0.92395491,0,Employed,Urban,Criminal Background
56,0,1,0,0.244564836,0,Unemployed,Urban,Criminal Background
27,1,2,4,0.72095239,0,Unemployed,Rural,No Criminal Background
37,1,0,0,0.341865372,0,Employed,Urban,No Criminal Background
18,1,0,0,0.530851481,0,Part-Time,Rural,No Criminal Background
30,0,3,2,0.331485207,1,Student,Rural,Criminal Background
18,1,0,2,0.470374018,1,Unemployed,Rural,No Criminal Background
22,0,0,3,0.036573456,0,Unemployed,Urban,Criminal Background
33,0,3,2,1,0,Student,Urban,No Criminal Background
32,1,3,3,0.624799922,0,Part-Time,Urban,No Criminal Background
66,1,1,3,0.630889044,1,Student,Rural,Criminal Background
45,0,0,0,0.487510352,0,Employed,Rural,No Criminal Background
48,0,1,2,0.783171859,0,Employed,Urban,Criminal Background
40,0,1,0,0.55191391,1,Part-Time,Urban,No Criminal Background
65,0,2,2,0.455283528,0,Unemployed,Urban,No Criminal Background
62,0,1,0,0.739484393,0,Unemployed,Rural,No Criminal Background
60,0,1,0,0.382512485,0,Part-Time,Rural,No Criminal Background
34,1,1,0,0.237665868,0,Part-Time,Urban,No Criminal Background
66,0,1,4,0.734719786,1,Employed,Urban,Criminal Background
51,0,3,0,1,0,Employed,Urban,Criminal Background
30,1,0,1,0.152828178,0,Part-Time,Urban,Criminal Background
31,1,2,1,0.039526716,0,Unemployed,Rural,No Criminal Background
28,1,3,1,0.246811745,0,Student,Urban,No Criminal Background
45,0,2,3,1,0,Student,Urban,No Criminal Background
59,1,2,0,0.870195977,0,Student,Rural,No Criminal Background
49,1,3,1,0.688225292,0,Employed,Rural,Criminal Background
52,0,1,3,1,0,Part-Time,Urban,Criminal Background
48,0,3,1,0.591441987,0,Unemployed,Rural,No Criminal Background
34,0,2,2,1,0,Employed,Urban,Criminal Background
64,0,2,4,0.358525475,1,Part-Time,Urban,No Criminal Background
26,1,1,0,0.317203589,0,Part-Time,Urban,No Criminal Background
27,0,3,4,0.736945672,1,Student,Rural,No Criminal Background
25,1,0,4,0.378153968,0,Student,Urban,Criminal Background
38,0,2,2,0.792352411,1,Unemployed,Urban,No Criminal Background
30,1,3,2,0.368282088,0,Unemployed,Rural,Criminal Background
67,0,1,2,0.856434704,0,Student,Rural,Criminal Background
22,0,1,3,0.382184317,0,Student,Rural,No Criminal Background
23,0,0,1,0.056069276,0,Part-Time,Urban,Criminal Background
47,1,2,0,1,1,Unemployed,Urban,No Criminal Background
48,1,0,2,0.883205202,0,Part-Time,Urban,Criminal Background
34,1,0,0,1,0,Unemployed,Urban,No Criminal Background
28,0,0,0,0.997047566,1,Unemployed,Urban,No Criminal Background
37,1,0,0,0.78854296,0,Employed,Rural,No Criminal Background
65,0,1,2,0.852256081,0,Student,Rural,No Criminal Background
26,0,2,2,0.138536658,0,Employed,Urban,No Criminal Background
19,0,0,1,0.263320935,0,Unemployed,Urban,Criminal Background
54,1,2,2,0.289469689,1,Part-Time,Urban,No Criminal Background
18,0,1,2,1,0,Unemployed,Urban,No Criminal Background
21,1,1,0,0.20756343,0,Employed,Urban,Criminal Background
53,0,3,1,1,0,Student,Urban,No Criminal Background
42,0,3,4,0.632570737,0,Part-Time,Urban,No Criminal Background
20,0,2,2,0.905195589,0,Unemployed,Urban,Criminal Background
26,1,3,2,0.133120218,0,Unemployed,Rural,No Criminal Background
39,1,0,4,0.282485226,0,Student,Rural,Criminal Background
40,0,2,0,1,1,Unemployed,Urban,Criminal Background
29,1,1,1,0.367286927,0,Unemployed,Urban,Criminal Background
27,1,1,0,0.355826064,0,Student,Urban,No Criminal Background
51,0,0,3,0.228224979,0,Employed,Rural,Criminal Background
60,0,3,2,0.149080083,1,Employed,Rural,No Criminal Background
27,1,2,3,0.233257641,0,Employed,Urban,Criminal Background
47,0,2,2,0.706559581,1,Employed,Urban,Criminal Background
39,0,0,3,0.500904507,1,Part-Time,Urban,Criminal Background
23,1,3,4,0.553755836,1,Part-Time,Urban,No Criminal Background
67,1,2,2,0.122364829,0,Student,Urban,Criminal Background
19,0,0,2,1,0,Student,Rural,No Criminal Background
47,1,2,3,0.784094701,0,Student,Urban,Criminal Background
19,1,1,1,0.028498683,1,Part-Time,Urban,Criminal Background
49,0,2,3,0.560344317,1,Unemployed,Rural,No Criminal Background
59,0,2,2,0.075647662,1,Part-Time,Urban,Criminal Background
33,0,2,2,0.914882175,0,Employed,Rural,Criminal Background
29,0,3,1,0.851546484,0,Employed,Rural,No Criminal Background
18,1,3,0,1,0,Unemployed,Rural,No Criminal Background
25,1,0,1,0.236403959,0,Student,Urban,Criminal Background
65,0,3,0,0.57972392,0,Part-Time,Rural,Criminal Background
67,0,2,2,0.245046023,0,Unemployed,Rural,Criminal Background
30,0,2,4,0.493092802,1,Unemployed,Rural,No Criminal Background
32,0,3,4,0.574467577,0,Part-Time,Urban,No Criminal Background
61,1,3,3,0.064396929,1,Unemployed,Rural,Criminal Background
25,1,2,1,0.750613931,1,Student,Rural,No Criminal Background
27,0,2,1,0.597622696,0,Part-Time,Urban,No Criminal Background
63,0,1,4,1,0,Part-Time,Urban,Criminal Background
22,1,0,0,0.360992451,0,Unemployed,Rural,No Criminal Background
67,1,3,1,1,0,Student,Rural,No Criminal Background
36,1,0,0,1,0,Student,Rural,No Criminal Background
64,1,2,0,0.919298438,0,Employed,Urban,No Criminal Background
55,0,0,0,0.855681723,1,Part-Time,Urban,No Criminal Background
28,1,3,0,0.893605683,0,Employed,Urban,Criminal Background
60,1,3,3,0.573744243,0,Student,Urban,No Criminal Background
37,1,0,3,0.190153863,1,Student,Urban,No Criminal Background
37,0,3,4,0.781981991,0,Employed,Rural,No Criminal Background
38,0,1,3,1,0,Part-Time,Rural,No Criminal Background
35,1,2,1,1,1,Employed,Urban,Criminal Background
67,1,2,3,0.568366382,0,Student,Rural,Criminal Background
27,0,3,1,0.298505917,0,Student,Urban,No Criminal Background
51,0,2,1,0.99889683,1,Unemployed,Rural,Criminal Background
43,1,1,0,1,0,Unemployed,Rural,No Criminal Background
47,0,3,4,0.194935299,0,Employed,Urban,Criminal Background
26,1,1,0,0.49486484,0,Unemployed,Urban,No Criminal Background
63,0,1,0,0.751047002,0,Student,Rural,No Criminal Background
68,1,2,3,0.196597903,1,Part-Time,Rural,Criminal Background
48,1,2,3,0.023331671,1,Part-Time,Rural,No Criminal Background
59,0,0,1,0.389215506,0,Employed,Rural,Criminal Background
21,1,1,3,1,1,Unemployed,Urban,No Criminal Background
23,0,2,3,0.050206001,1,Employed,Rural,Criminal Background
31,0,1,2,0.651114312,0,Unemployed,Urban,Criminal Background
21,0,0,1,0.968376082,0,Part-Time,Rural,Criminal Background
43,1,1,1,1,0,Unemployed,Urban,Criminal Background
64,1,3,2,1,0,Unemployed,Urban,No Criminal Background
65,1,0,1,0.421969381,0,Employed,Urban,No Criminal Background
56,0,0,4,1,0,Part-Time,Rural,Criminal Background
34,1,1,4,0.051322092,0,Unemployed,Rural,No Criminal Background
36,1,1,2,0.895100326,1,Part-Time,Urban,No Criminal Background
68,1,2,3,0.853727421,1,Unemployed,Rural,No Criminal Background
66,1,3,4,0.249521858,0,Part-Time,Urban,Criminal Background
23,0,0,2,0.641757903,1,Unemployed,Urban,Criminal Background
46,1,0,4,0.142509112,0,Student,Urban,No Criminal Background
28,0,0,0,1,0,Part-Time,Urban,No Criminal Background
33,0,2,2,0.393687894,0,Student,Urban,Criminal Background
47,0,3,1,0.723081363,1,Student,Rural,No Criminal Background
42,0,0,4,0.174653915,1,Student,Urban,No Criminal Background
57,1,0,1,0.24894405,1,Unemployed,Rural,No Criminal Background
28,1,2,2,1,1,Part-Time,Rural,Criminal Background
24,1,1,4,1,0,Unemployed,Rural,Criminal Background
43,0,0,1,1,1,Unemployed,Urban,Criminal Background
39,1,3,3,0.341708096,0,Part-Time,Rural,No Criminal Background
42,0,3,3,0.190070122,0,Employed,Rural,No Criminal Background
36,1,3,0,0.60745517,0,Unemployed,Rural,No Criminal Background
48,1,3,2,0.571341866,0,Student,Rural,Criminal Background
43,1,2,1,0.201188491,0,Unemployed,Urban,Criminal Background
59,0,0,0,0.846868603,0,Employed,Rural,Criminal Background
58,1,2,2,0.379866411,0,Student,Rural,No Criminal Background
53,0,3,3,0.259327219,0,Unemployed,Urban,Criminal Background
40,0,3,1,0.421784903,0,Part-Time,Rural,No Criminal Background
64,0,3,4,0.651025798,0,Student,Rural,No Criminal Background
30,1,2,3,0.762794479,0,Employed,Rural,Criminal Background
42,1,3,4,0.581883245,1,Unemployed,Rural,No Criminal Background
19,0,0,4,0.607062213,1,Part-Time,Rural,No Criminal Background
19,0,3,1,0.15284053,0,Student,Urban,Criminal Background
33,0,0,1,1,1,Student,Rural,No Criminal Background
26,0,0,4,1,0,Part-Time,Rural,Criminal Background
45,0,3,0,0.751769249,0,Employed,Urban,Criminal Background
30,1,2,4,0.018512979,0,Student,Rural,Criminal Background
52,1,1,4,0.676713512,0,Employed,Rural,No Criminal Background
58,1,1,1,0.792815905,0,Employed,Rural,Criminal Background
30,0,0,2,1,0,Part-Time,Urban,Criminal Background
48,0,2,3,1,0,Student,Rural,Criminal Background
38,1,1,1,1,0,Unemployed,Rural,No Criminal Background
49,1,3,0,0.073724796,1,Part-Time,Rural,No Criminal Background
51,0,3,3,1,0,Part-Time,Rural,No Criminal Background
25,0,0,1,0.70762374,1,Employed,Rural,Criminal Background
58,0,2,1,1,0,Unemployed,Urban,Criminal Background
65,1,2,2,0.470307741,1,Part-Time,Rural,Criminal Background
19,0,1,0,0.464160072,0,Employed,Urban,No Criminal Background
55,0,1,0,0.642056386,1,Student,Rural,Criminal Background
49,0,3,1,0.169640062,1,Employed,Rural,Criminal Background
57,1,0,2,0.474273099,0,Unemployed,Rural,No Criminal Background
45,0,2,1,1,0,Unemployed,Urban,No Criminal Background
54,1,1,4,0.045540584,0,Employed,Urban,Criminal Background
58,0,1,4,0.209116973,1,Student,Rural,Criminal Background
18,0,0,2,0.166185539,0,Unemployed,Rural,Criminal Background
58,1,0,1,0.463536874,0,Unemployed,Urban,No Criminal Background
27,0,3,2,1,0,Student,Urban,No Criminal Background
21,1,0,1,0.17335793,0,Part-Time,Urban,Criminal Background
52,0,3,1,0.193237329,0,Unemployed,Rural,No Criminal Background
27,1,3,4,0.91505573,1,Employed,Urban,No Criminal Background
64,0,0,3,0.970255569,0,Student,Urban,Criminal Background
28,1,0,0,0.037076425,1,Unemployed,Urban,Criminal Background
31,1,0,0,0.75170596,0,Part-Time,Urban,No Criminal Background
55,0,0,2,0.870622318,0,Unemployed,Rural,No Criminal Background
29,1,0,0,0.76774081,0,Part-Time,Urban,No Criminal Background
62,0,3,4,0.625545605,1,Unemployed,Urban,No Criminal Background
34,1,1,3,1,0,Unemployed,Rural,Criminal Background
33,0,2,1,0.053054893,0,Employed,Urban,No Criminal Background
52,0,2,1,0.297769101,0,Student,Rural,Criminal Background
19,0,3,4,0.436200586,0,Student,Urban,No Criminal Background
28,0,3,0,0.519493523,1,Employed,Rural,Criminal Background
58,1,1,1,1,0,Student,Urban,No Criminal Background
20,0,0,0,0.646805041,0,Student,Rural,Criminal Background
46,0,3,4,0.0521032,0,Student,Rural,Criminal Background
35,0,2,1,0.541743981,0,Unemployed,Rural,Criminal Background
37,0,0,2,0.55320339,0,Unemployed,Rural,No Criminal Background
64,0,3,3,1,0,Part-Time,Rural,No Criminal Background
31,1,0,0,0.629156946,0,Part-Time,Rural,No Criminal Background
51,0,2,0,0.769137796,0,Student,Urban,No Criminal Background
66,1,0,0,0.748915683,0,Student,Rural,Criminal Background
48,1,3,0,0.808541281,0,Student,Rural,No Criminal Background
57,0,3,4,0.806832385,0,Employed,Rural,Criminal Background
59,0,2,4,0.315053397,0,Unemployed,Rural,Criminal Background
35,1,1,4,1,0,Student,Urban,No Criminal Background
47,1,1,4,0.922470949,0,Student,Rural,Criminal Background
42,1,0,1,0.938466164,1,Unemployed,Urban,Criminal Background
36,0,3,4,1,0,Part-Time,Rural,No Criminal Background
25,1,3,1,0.882779188,0,Student,Urban,No Criminal Background
45,1,2,2,0.912066543,0,Student,Urban,Criminal Background
25,0,2,4,1,0,Student,Urban,No Criminal Background
48,1,3,2,0.1586907,1,Student,Rural,Criminal Background
20,0,2,4,0.692587644,0,Unemployed,Urban,No Criminal Background
20,1,1,2,0.925365779,0,Unemployed,Rural,No Criminal Background
61,0,1,3,0.524832585,0,Unemployed,Rural,Criminal Background
39,1,0,2,0.881373511,1,Part-Time,Rural,No Criminal Background
34,0,2,1,0.838661584,1,Student,Urban,No Criminal Background
53,0,0,0,0.792971382,0,Part-Time,Urban,No Criminal Background
34,1,2,2,1,1,Part-Time,Rural,Criminal Background
31,0,2,0,0.360929181,0,Unemployed,Urban,Criminal Background
68,1,1,3,0.926676137,0,Student,Rural,No Criminal Background
26,0,3,3,0.606544922,0,Student,Urban,Criminal Background
47,0,2,1,0.361502506,0,Part-Time,Rural,Criminal Background
38,0,2,1,0.185477836,0,Employed,Rural,Criminal Background
29,0,2,2,1,1,Employed,Urban,No Criminal Background
54,0,3,4,0.655001031,0,Student,Urban,No Criminal Background
49,0,0,3,0.952798582,0,Student,Rural,No Criminal Background
28,0,0,0,0.659867431,0,Part-Time,Urban,Criminal Background
37,1,2,4,0.219977081,0,Part-Time,Urban,Criminal Background
52,1,2,3,0.388181135,0,Unemployed,Urban,No Criminal Background
64,0,0,2,0.461661999,0,Part-Time,Urban,No Criminal Background
63,0,0,3,1,0,Part-Time,Urban,No Criminal Background
28,0,1,1,0.008588496,0,Employed,Rural,No Criminal Background
69,1,2,0,0.985666023,0,Employed,Urban,Criminal Background
25,0,0,0,1,0,Employed,Urban,No Criminal Background
21,1,1,1,1,0,Employed,Urban,Criminal Background
44,0,3,4,0.524246997,0,Part-Time,Urban,No Criminal Background
61,0,2,1,1,0,Student,Rural,No Criminal Background
57,0,0,0,0.4351591,0,Employed,Urban,Criminal Background
55,0,2,2,0.034925591,0,Unemployed,Rural,No Criminal Background
64,0,1,4,0.374614932,1,Unemployed,Urban,No Criminal Background
47,1,0,3,0.992561057,1,Part-Time,Rural,Criminal Background
61,0,3,2,0.017412337,1,Unemployed,Urban,Criminal Background
65,1,3,4,0.600593549,0,Employed,Urban,No Criminal Background
65,1,1,0,0.090721907,0,Student,Urban,Criminal Background
44,0,3,0,0.315036236,0,Student,Urban,Criminal Background
38,0,3,2,0.101747243,0,Employed,Rural,No Criminal Background
69,0,3,4,1,0,Unemployed,Urban,No Criminal Background
37,1,3,3,0.620624245,1,Part-Time,Rural,No Criminal Background
21,1,3,3,0.947211789,0,Student,Rural,Criminal Background
28,1,3,1,0.757188519,0,Employed,Urban,Criminal Background
30,0,3,2,1,0,Employed,Rural,No Criminal Background
26,1,0,4,0.677244995,0,Unemployed,Rural,No Criminal Background
21,1,3,2,0.70258164,0,Part-Time,Urban,No Criminal Background
29,1,0,3,0.57630882,0,Part-Time,Urban,No Criminal Background
26,0,2,4,0.612589443,0,Unemployed,Urban,Criminal Background
30,1,1,0,1,1,Employed,Urban,No Criminal Background
65,1,3,0,0.815324297,0,Unemployed,Urban,Criminal Background
43,0,1,4,1,1,Unemployed,Urban,Criminal Background
55,0,3,2,0.99475038,0,Unemployed,Urban,No Criminal Background
59,0,0,2,0.220657161,0,Employed,Rural,Criminal Background
30,1,3,0,0.682671709,0,Student,Rural,Criminal Background
56,1,2,0,0.199648019,1,Employed,Urban,Criminal Background
45,1,1,3,0.734983803,0,Student,Rural,No Criminal Background
36,0,1,4,1,0,Student,Rural,No Criminal Background
41,1,2,2,1,0,Unemployed,Rural,No Criminal Background
36,0,0,3,0.033596176,0,Part-Time,Urban,No Criminal Background
66,0,0,2,0.12119271,0,Unemployed,Rural,No Criminal Background
30,1,2,0,0.084729366,1,Employed,Urban,No Criminal Background
30,1,1,4,0.501935221,0,Part-Time,Rural,Criminal Background
45,1,3,1,0.821588361,0,Part-Time,Urban,Criminal Background
19,0,0,4,0.974885064,1,Employed,Rural,Criminal Background
27,0,3,1,0.936332576,1,Employed,Rural,Criminal Background
39,1,1,3,1,0,Unemployed,Urban,Criminal Background
30,0,3,1,0.372903236,0,Employed,Rural,Criminal Background
26,1,2,1,0.088154644,0,Student,Urban,Criminal Background
50,1,0,3,0.058153028,1,Student,Urban,Criminal Background
31,1,0,4,0.85213272,1,Part-Time,Urban,No Criminal Background
65,0,2,3,0.970202008,1,Unemployed,Rural,No Criminal Background
37,0,2,0,0.92793578,0,Unemployed,Rural,Criminal Background
32,1,0,0,0.339676339,0,Part-Time,Urban,Criminal Background
49,1,0,1,0.379905189,0,Employed,Urban,No Criminal Background
50,0,0,3,1,0,Unemployed,Urban,No Criminal Background
34,1,1,3,0.080393978,1,Part-Time,Rural,No Criminal Background
41,0,1,3,1,0,Part-Time,Rural,Criminal Background
47,1,1,4,0.371559988,0,Student,Urban,Criminal Background
30,0,3,2,0.045108084,1,Part-Time,Rural,No Criminal Background
64,1,1,2,0.93563834,0,Employed,Rural,Criminal Background
65,0,0,2,0.400403382,0,Employed,Urban,Criminal Background
33,1,1,4,0.866577022,1,Employed,Urban,No Criminal Background
19,0,0,3,0.817340813,1,Employed,Rural,No Criminal Background
34,0,2,2,0.588265563,1,Part-Time,Urban,No Criminal Background
49,0,3,3,1,0,Unemployed,Urban,Criminal Background
60,0,3,1,0.671099264,0,Part-Time,Rural,No Criminal Background
25,1,2,2,0.329632381,0,Unemployed,Urban,No Criminal Background
69,0,0,1,1,0,Unemployed,Urban,No Criminal Background
20,0,3,4,0.860777456,0,Unemployed,Rural,Criminal Background
29,1,1,0,0.015272738,1,Student,Urban,Criminal Background
37,0,0,4,1,0,Employed,Rural,Criminal Background
33,1,3,4,0.60020798,0,Student,Urban,No Criminal Background
31,0,2,4,1,1,Part-Time,Rural,Criminal Background
33,0,0,2,1,1,Student,Rural,Criminal Background
66,0,3,1,0.619171103,0,Unemployed,Urban,No Criminal Background
60,0,2,2,0.558425996,1,Part-Time,Urban,Criminal Background
66,0,0,0,0.457329826,1,Employed,Urban,Criminal Background
68,0,1,4,0.716357276,1,Unemployed,Rural,Criminal Background
50,1,0,3,0.939904517,1,Employed,Rural,Criminal Background
47,1,1,0,0.945772817,1,Student,Urban,Criminal Background
29,0,0,1,0.139178244,0,Employed,Urban,Criminal Background
32,0,2,0,0.704905488,0,Part-Time,Rural,Criminal Background
35,1,1,2,1,0,Unemployed,Urban,Criminal Background
45,1,1,3,0.750393884,0,Employed,Rural,No Criminal Background
40,0,0,2,0.950904667,0,Student,Urban,No Criminal Background
31,0,3,4,0.930564383,0,Part-Time,Urban,No Criminal Background
47,0,1,4,0.531782004,0,Unemployed,Urban,No Criminal Background
50,0,0,0,0.429485945,1,Student,Rural,No Criminal Background
62,0,2,4,0.915956674,1,Unemployed,Urban,No Criminal Background
32,0,0,4,0.577480979,0,Employed,Rural,No Criminal Background
24,1,0,1,0.659009169,0,Student,Rural,Criminal Background
32,0,1,1,0.941035643,1,Student,Urban,Criminal Background
69,0,3,2,0.940865783,1,Employed,Urban,Criminal Background
59,1,2,2,0.313601647,1,Student,Rural,Criminal Background
63,1,1,1,0.176152511,1,Student,Urban,Criminal Background
55,1,1,0,0.350153576,1,Student,Urban,No Criminal Background
63,1,1,1,0.703448119,0,Employed,Rural,No Criminal Background
61,0,2,2,0.376355449,0,Employed,Urban,Criminal Background
28,1,3,3,0.754927834,1,Unemployed,Rural,Criminal Background
46,1,2,4,0.05613901,0,Employed,Rural,Criminal Background
48,0,2,3,0.588761725,1,Student,Rural,No Criminal Background
42,1,3,3,0.386384152,0,Employed,Rural,No Criminal Background
69,1,2,4,0.617540102,1,Student,Rural,Criminal Background
41,0,0,1,0.46478669,0,Student,Urban,No Criminal Background
36,0,2,0,0.328280857,0,Student,Rural,Criminal Background
19,0,1,3,1,0,Employed,Rural,Criminal Background
39,0,2,0,0.203241487,1,Student,Urban,No Criminal Background
37,0,1,2,1,0,Unemployed,Rural,Criminal Background
50,0,2,3,1,1,Part-Time,Rural,No Criminal Background
25,0,1,2,0.711044347,1,Part-Time,Urban,Criminal Background
42,1,1,1,1,1,Unemployed,Urban,Criminal Background
63,1,1,3,0.149821774,1,Part-Time,Urban,No Criminal Background
26,0,3,2,0.655874934,0,Unemployed,Rural,No Criminal Background
51,1,2,2,0.527864199,0,Employed,Rural,No Criminal Background
40,0,2,1,0.009377222,0,Part-Time,Rural,Criminal Background
22,1,0,0,0.509745943,1,Unemployed,Urban,Criminal Background
42,0,0,0,0.539180151,1,Unemployed,Rural,Criminal Background
25,1,0,3,0.703288664,0,Student,Rural,Criminal Background
33,0,2,1,1,0,Employed,Rural,Criminal Background
65,1,3,3,0.098659752,0,Unemployed,Urban,No Criminal Background
62,0,1,0,0.43226883,0,Part-Time,Urban,No Criminal Background
69,1,2,1,0.444064737,0,Student,Urban,Criminal Background
32,1,3,4,0.455185378,0,Student,Urban,No Criminal Background
18,0,3,1,0.894905228,0,Student,Rural,No Criminal Background
39,1,2,1,0.465565449,0,Employed,Rural,Criminal Background
20,1,1,4,0.039356726,0,Unemployed,Rural,No Criminal Background
55,1,3,2,0.781114504,0,Employed,Urban,Criminal Background
31,1,2,2,1,0,Unemployed,Rural,Criminal Background
53,1,1,2,0.647519938,0,Student,Rural,No Criminal Background
35,0,0,0,0.671180343,0,Part-Time,Rural,No Criminal Background
64,0,3,1,0.207010746,0,Part-Time,Rural,Criminal Background
58,1,3,4,0.220645945,0,Employed,Urban,Criminal Background
35,0,2,0,0.271621626,0,Student,Rural,Criminal Background
20,1,2,4,0.544888598,1,Unemployed,Urban,No Criminal Background
27,0,1,0,1,0,Employed,Rural,Criminal Background
66,1,0,0,0.573963243,0,Student,Urban,Criminal Background
56,1,0,0,0.192097645,0,Employed,Urban,Criminal Background
64,1,2,4,0.292696509,0,Part-Time,Urban,Criminal Background
18,1,2,3,0.443537359,1,Student,Rural,No Criminal Background
44,0,1,0,0.904972033,0,Employed,Urban,Criminal Background
44,0,2,2,0.556641939,0,Unemployed,Urban,No Criminal Background
28,0,1,1,0.543928554,0,Part-Time,Rural,Criminal Background
66,1,1,3,0.900120916,0,Unemployed,Rural,Criminal Background
22,0,0,3,0.279319419,0,Employed,Rural,Criminal Background
24,0,1,4,0.109359936,0,Student,Rural,Criminal Background
36,1,0,3,0.024414315,0,Part-Time,Urban,No Criminal Background
46,1,0,4,0.288948038,0,Unemployed,Urban,No Criminal Background
32,1,0,4,0.110597381,0,Unemployed,Rural,No Criminal Background
52,0,2,2,0.406972173,1,Student,Urban,Criminal Background
64,0,0,0,0.850226894,0,Employed,Urban,Criminal Background
54,1,1,3,0.988486176,0,Unemployed,Urban,No Criminal Background
29,0,2,0,0.672020385,0,Employed,Urban,No Criminal Background
47,1,1,0,1,0,Employed,Urban,No Criminal Background
37,0,2,0,0.325788106,1,Employed,Rural,Criminal Background
54,1,1,4,1,0,Student,Rural,Criminal Background
20,0,3,0,0.507233365,0,Employed,Rural,No Criminal Background
26,0,3,3,0.463031783,0,Part-Time,Rural,No Criminal Background
58,0,3,4,0.468181114,0,Student,Rural,No Criminal Background
56,1,1,3,0.15635261,0,Unemployed,Rural,Criminal Background
43,1,2,4,1,1,Student,Rural,Criminal Background
19,1,0,1,0.159282794,1,Unemployed,Urban,Criminal Background
40,0,0,1,0.393723012,0,Part-Time,Rural,Criminal Background
40,1,1,1,0.383160384,1,Employed,Urban,Criminal Background
38,0,1,1,0.098576851,0,Employed,Urban,No Criminal Background
33,1,1,4,0.200983372,1,Employed,Urban,No Criminal Background
26,1,1,0,0.053830003,1,Employed,Urban,Criminal Background
30,0,0,2,0.321644943,0,Student,Urban,No Criminal Background
45,0,2,2,1,0,Part-Time,Rural,Criminal Background
44,1,0,1,0.390358537,1,Unemployed,Urban,No Criminal Background
68,1,1,0,0.171436879,0,Student,Rural,No Criminal Background
69,0,3,3,0.745776418,0,Employed,Rural,No Criminal Background
34,0,0,0,1,0,Employed,Rural,Criminal Background
55,1,3,3,0.255556168,1,Employed,Urban,No Criminal Background
53,0,3,2,0.353657322,1,Unemployed,Urban,Criminal Background
18,1,1,0,1,0,Unemployed,Rural,No Criminal Background
35,1,0,0,0.187715102,1,Student,Rural,No Criminal Background
68,1,2,2,0.536774771,0,Part-Time,Rural,No Criminal Background
26,0,0,0,0.318317946,1,Unemployed,Rural,No Criminal Background
30,1,2,3,0.978969493,0,Student,Rural,No Criminal Background
57,1,2,0,1,0,Unemployed,Urban,No Criminal Background
62,0,1,3,1,0,Student,Rural,Criminal Background
32,0,2,1,0.363575307,0,Employed,Rural,Criminal Background
60,0,0,0,0.535932239,0,Unemployed,Rural,Criminal Background
61,1,0,3,0.254420968,1,Employed,Rural,Criminal Background
63,0,3,2,0.979833764,0,Part-Time,Urban,Criminal Background
21,0,2,1,1,1,Employed,Rural,Criminal Background
50,1,1,0,0.527777034,0,Part-Time,Rural,No Criminal Background
41,1,1,3,0.9966172,0,Unemployed,Urban,No Criminal Background
53,1,0,0,0.173830839,0,Part-Time,Rural,No Criminal Background
68,1,2,3,0.4349359,1,Employed,Urban,Criminal Background
58,0,1,0,0.958615644,0,Unemployed,Urban,Criminal Background
27,1,2,1,0.404673274,1,Student,Rural,No Criminal Background
53,0,2,1,0.47498157,1,Unemployed,Rural,No Criminal Background
37,1,3,0,0.000998992,0,Student,Urban,No Criminal Background
58,1,1,0,1,0,Employed,Urban,No Criminal Background
62,0,3,4,1,1,Unemployed,Rural,Criminal Background
61,0,1,0,1,1,Student,Rural,No Criminal Background
28,0,2,0,0.791198524,0,Employed,Urban,Criminal Background
29,1,1,1,0.691478314,0,Part-Time,Rural,Criminal Background
35,1,0,0,0.26928452,0,Student,Urban,No Criminal Background
47,0,2,2,1,0,Part-Time,Rural,Criminal Background
61,0,1,0,0.940007075,0,Unemployed,Rural,Criminal Background
65,1,3,4,0.681154072,0,Student,Urban,No Criminal Background
54,0,3,3,0.750646778,0,Employed,Urban,Criminal Background
37,0,2,1,1,0,Employed,Rural,Criminal Background
42,1,3,2,0.010639793,1,Part-Time,Urban,No Criminal Background
29,0,2,3,0.279823738,1,Employed,Rural,No Criminal Background
38,1,2,2,0.803632305,1,Unemployed,Rural,No Criminal Background
42,1,2,1,1,1,Unemployed,Urban,No Criminal Background
28,1,1,4,0.863526865,0,Part-Time,Rural,No Criminal Background
26,0,2,1,0.477582442,1,Student,Rural,Criminal Background
67,0,3,2,0.397711045,1,Employed,Urban,No Criminal Background
42,0,0,2,1,1,Unemployed,Urban,No Criminal Background
52,0,1,1,1,0,Student,Urban,Criminal Background
69,1,3,0,0.806324779,0,Unemployed,Rural,Criminal Background
49,1,2,1,0.335187078,0,Unemployed,Urban,Criminal Background
66,0,2,4,1,0,Student,Rural,No Criminal Background
31,0,0,1,0.607067936,1,Student,Urban,No Criminal Background
18,0,3,3,0.913018671,0,Employed,Rural,No Criminal Background
34,0,1,0,0.297031251,1,Part-Time,Rural,Criminal Background
42,1,3,3,0.344040789,0,Part-Time,Urban,No Criminal Background
25,0,2,1,1,0,Unemployed,Rural,Criminal Background
22,1,1,0,0.063134858,0,Part-Time,Rural,Criminal Background
22,0,2,3,0.648078869,0,Unemployed,Urban,Criminal Background
58,0,2,3,0.556369829,0,Student,Rural,Criminal Background
52,0,3,0,0.997821498,0,Unemployed,Rural,Criminal Background
36,1,0,0,0.325587305,0,Employed,Rural,Criminal Background
40,0,2,2,0.290975506,1,Unemployed,Rural,No Criminal Background
26,1,3,0,1,0,Unemployed,Rural,Criminal Background
47,1,1,1,0.720354161,1,Employed,Rural,No Criminal Background
67,0,0,4,0.126674378,0,Employed,Urban,Criminal Background
33,1,2,2,0.193036162,0,Part-Time,Urban,Criminal Background
50,1,2,0,1,0,Student,Urban,Criminal Background
19,1,1,4,0.246467335,1,Student,Rural,Criminal Background
31,0,3,2,0.738675369,0,Employed,Urban,Criminal Background
63,1,2,1,0.462140887,0,Student,Urban,Criminal Background
18,1,1,4,1,1,Unemployed,Rural,Criminal Background
43,0,2,0,0.830685452,0,Student,Urban,No Criminal Background
42,0,3,0,0.656646536,0,Employed,Urban,Criminal Background
33,1,0,1,0.011275931,1,Student,Rural,No Criminal Background
32,1,3,2,0.879795207,0,Employed,Urban,Criminal Background
43,1,3,4,0.444667471,0,Part-Time,Urban,Criminal Background
64,1,3,1,0.931577653,0,Employed,Urban,No Criminal Background
61,0,1,2,0.752228222,0,Unemployed,Urban,No Criminal Background
33,0,2,3,0.878193979,0,Unemployed,Urban,Criminal Background
31,1,0,3,0.087655202,0,Unemployed,Urban,No Criminal Background
46,0,1,2,1,1,Employed,Rural,Criminal Background
41,1,3,0,0.390385416,0,Employed,Rural,No Criminal Background
64,0,0,0,0.444469153,0,Unemployed,Urban,No Criminal Background
32,0,3,3,0.130521429,1,Student,Urban,No Criminal Background
36,1,3,0,0.161542864,0,Employed,Urban,No Criminal Background
25,1,3,0,0.195047009,1,Student,Rural,No Criminal Background
51,1,0,2,0.328206169,1,Part-Time,Urban,Criminal Background
19,1,2,2,0.936568408,0,Part-Time,Rural,No Criminal Background
44,0,3,0,0.467874633,0,Part-Time,Rural,No Criminal Background
27,0,2,2,0.876478875,1,Part-Time,Urban,No Criminal Background
52,1,0,4,0.099917611,1,Unemployed,Rural,Criminal Background
40,0,0,3,0.650208679,0,Employed,Urban,Criminal Background
66,0,3,4,0.556584372,0,Part-Time,Rural,No Criminal Background
25,1,2,4,1,0,Unemployed,Urban,Criminal Background
45,1,2,0,0.84620777,0,Part-Time,Urban,Criminal Background
40,0,3,0,0.525328387,0,Employed,Rural,Criminal Background
21,1,1,4,0.930171317,0,Part-Time,Urban,No Criminal Background
31,1,1,4,0.267551695,1,Part-Time,Rural,No Criminal Background
59,0,0,1,0.61856996,0,Student,Urban,Criminal Background
46,0,0,1,0.086185009,1,Student,Rural,Criminal Background
18,1,1,3,0.417706839,0,Student,Urban,No Criminal Background
21,0,1,4,0.29813808,0,Student,Urban,No Criminal Background
49,1,1,2,0.862691778,0,Part-Time,Urban,Criminal Background
50,1,3,1,0.566054748,0,Part-Time,Rural,No Criminal Background
66,0,3,0,0.954235043,0,Student,Rural,Criminal Background
43,0,3,4,0.62350748,1,Employed,Urban,No Criminal Background
34,1,3,2,0.099457108,0,Unemployed,Urban,No Criminal Background
56,1,3,2,0.73536765,1,Part-Time,Urban,No Criminal Background
40,1,3,2,0.874890727,0,Student,Rural,No Criminal Background
49,0,0,0,1,0,Unemployed,Urban,Criminal Background
69,1,2,1,0.571991945,0,Student,Urban,No Criminal Background
32,0,0,2,0.828943895,1,Student,Urban,No Criminal Background
30,1,2,1,0.868611209,0,Employed,Rural,No Criminal Background
19,0,0,3,0.171324736,0,Employed,Urban,No Criminal Background
36,1,0,0,0.164220687,1,Part-Time,Urban,No Criminal Background
41,0,3,1,0.081872759,1,Student,Rural,Criminal Background
62,1,3,1,0.404690748,0,Unemployed,Urban,Criminal Background
41,1,2,2,0.497184017,1,Part-Time,Rural,No Criminal Background
28,1,2,2,1,0,Employed,Rural,Criminal Background
39,1,3,0,0.452543009,1,Part-Time,Rural,No Criminal Background
32,0,0,1,0.83881019,0,Part-Time,Rural,Criminal Background
27,0,2,4,0.800873565,0,Student,Rural,No Criminal Background
58,0,1,2,0.341443961,0,Unemployed,Urban,No Criminal Background
44,0,1,2,0.07722944,0,Employed,Urban,Criminal Background
26,0,1,3,0.792801803,0,Part-Time,Urban,No Criminal Background
69,1,2,0,0.700305592,1,Part-Time,Urban,No Criminal Background
45,0,3,1,1,1,Student,Urban,No Criminal Background
18,0,3,1,0.394472158,0,Part-Time,Urban,No Criminal Background
34,0,3,1,1,0,Unemployed,Urban,No Criminal Background
48,0,2,2,0.420125701,0,Student,Urban,Criminal Background
61,1,2,0,0.723882294,0,Employed,Rural,Criminal Background
27,1,1,1,0.717903517,1,Part-Time,Urban,Criminal Background
54,1,2,4,0.052978793,0,Part-Time,Urban,Criminal Background
46,1,1,3,0.10864636,0,Student,Rural,No Criminal Background
35,0,1,3,0.030149458,0,Part-Time,Urban,No Criminal Background
64,0,3,1,0.428313368,0,Employed,Rural,Criminal Background
55,1,2,2,0.857671206,0,Unemployed,Urban,No Criminal Background
56,1,3,3,0.198668703,0,Unemployed,Urban,Criminal Background
66,0,3,3,0.699760178,0,Student,Rural,No Criminal Background
23,0,2,3,0.317710558,0,Part-Time,Urban,No Criminal Background
57,1,2,3,0.920526481,0,Student,Rural,Criminal Background
29,1,0,1,0.838315956,0,Student,Rural,Criminal Background
31,1,1,0,1,0,Student,Rural,Criminal Background
61,1,0,0,0.577316865,1,Student,Urban,Criminal Background
27,0,1,2,0.39440946,0,Student,Rural,Criminal Background
37,0,1,4,1,1,Part-Time,Rural,Criminal Background
32,0,1,0,0.282500653,0,Unemployed,Urban,Criminal Background
48,1,3,4,0.349884719,0,Unemployed,Rural,No Criminal Background
24,0,3,0,0.244328541,0,Unemployed,Rural,Criminal Background
58,0,2,0,0.741631176,0,Part-Time,Urban,Criminal Background
27,1,1,2,0.823483234,1,Part-Time,Urban,Criminal Background
27,1,1,3,0.783011991,0,Student,Urban,No Criminal Background
65,1,1,2,0.602206525,0,Unemployed,Rural,No Criminal Background
56,1,3,0,0.105179558,1,Student,Rural,No Criminal Background
45,1,2,3,1,0,Unemployed,Urban,Criminal Background
47,1,3,3,0.533117512,0,Employed,Rural,No Criminal Background
54,0,0,3,0.517058174,0,Part-Time,Rural,Criminal Background
20,0,0,4,0.647707383,0,Employed,Urban,Criminal Background
67,0,0,0,0.243879901,0,Unemployed,Urban,No Criminal Background
60,0,2,1,0.145803657,0,Student,Urban,Criminal Background
32,0,0,2,0.468381631,1,Part-Time,Rural,No Criminal Background
38,0,2,4,0.249942764,1,Part-Time,Urban,No Criminal Background
69,1,3,2,0.256504809,0,Student,Rural,No Criminal Background
54,1,3,1,0.892511488,0,Employed,Urban,No Criminal Background
29,1,2,3,0.557297136,0,Employed,Rural,Criminal Background
21,0,3,1,0.531815971,0,Employed,Urban,No Criminal Background
64,0,3,2,0.875983824,0,Employed,Rural,No Criminal Background
26,1,2,1,0.999125519,1,Part-Time,Rural,Criminal Background
56,1,0,0,0.149027743,1,Unemployed,Rural,Criminal Background
59,1,2,1,0.875211295,0,Student,Rural,No Criminal Background
45,1,1,0,0.846243792,0,Unemployed,Rural,No Criminal Background
40,1,3,1,0.176494665,0,Unemployed,Rural,No Criminal Background
62,0,2,0,0.343207463,0,Employed,Rural,No Criminal Background
57,0,3,0,0.671205911,0,Unemployed,Urban,Criminal Background
61,0,0,1,0.798309602,0,Employed,Rural,No Criminal Background
39,1,3,4,0.280211105,0,Employed,Rural,Criminal Background
41,0,2,3,0.710452787,0,Unemployed,Rural,Criminal Background
68,1,0,3,0.718905209,0,Student,Rural,Criminal Background
43,0,0,3,0.655643893,1,Unemployed,Rural,No Criminal Background
47,1,0,0,0.992479855,0,Unemployed,Urban,No Criminal Background
50,1,1,3,1,0,Part-Time,Urban,Criminal Background
33,0,2,0,0.517760339,0,Employed,Urban,No Criminal Background
39,0,2,4,1,0,Part-Time,Rural,Criminal Background
66,0,0,1,0.087300782,1,Student,Rural,Criminal Background
67,0,3,1,0.004466079,0,Unemployed,Rural,No Criminal Background
60,0,0,0,0.41873509,1,Part-Time,Urban,No Criminal Background
35,1,1,0,0.793448121,0,Part-Time,Urban,Criminal Background
24,0,0,4,0.795938199,0,Unemployed,Urban,Criminal Background
67,0,2,3,0.632839049,0,Unemployed,Rural,Criminal Background
43,1,0,4,0.131127479,0,Employed,Rural,No Criminal Background
25,0,3,1,0.196924638,0,Employed,Rural,No Criminal Background
23,1,2,1,0.894755383,1,Part-Time,Rural,No Criminal Background
47,0,3,3,1,0,Unemployed,Urban,Criminal Background
56,0,0,1,0.815417231,0,Employed,Urban,No Criminal Background
40,1,2,0,0.664217972,0,Employed,Urban,Criminal Background
49,0,1,1,0.788940409,0,Student,Urban,Criminal Background
39,0,2,2,0.245540322,0,Part-Time,Urban,No Criminal Background
59,0,3,3,0.544092515,0,Part-Time,Rural,Criminal Background
60,0,2,3,0.765484117,0,Part-Time,Urban,Criminal Background
62,1,1,3,0.778478542,0,Unemployed,Rural,Criminal Background
26,1,1,2,0.023411221,1,Student,Rural,No Criminal Background
48,0,1,4,1,1,Employed,Urban,Criminal Background
24,0,1,0,1,0,Student,Urban,Criminal Background
26,1,3,3,0.273572265,1,Employed,Rural,No Criminal Background
30,1,2,1,0.647281882,1,Employed,Rural,Criminal Background
20,0,0,0,1,0,Student,Rural,No Criminal Background
52,1,1,1,0.120973875,0,Part-Time,Rural,No Criminal Background
50,1,0,0,0.578483903,0,Unemployed,Urban,Criminal Background
38,1,0,0,0.479055177,0,Student,Rural,Criminal Background
48,1,2,1,0.410205005,1,Part-Time,Urban,No Criminal Background
69,0,0,1,0.91914747,1,Part-Time,Urban,Criminal Background
51,1,0,0,0.437743069,1,Unemployed,Urban,Criminal Background
49,0,3,3,0.088587528,0,Unemployed,Urban,Criminal Background
52,0,0,1,0.076042592,0,Part-Time,Rural,Criminal Background
32,1,2,2,0.056775524,0,Unemployed,Rural,No Criminal Background
49,0,0,2,0.450059964,0,Part-Time,Urban,No Criminal Background
23,0,2,0,0.912735176,0,Employed,Rural,Criminal Background
62,1,1,4,0.281136997,0,Unemployed,Urban,No Criminal Background
38,1,0,0,0.64646852,0,Employed,Urban,No Criminal Background
50,1,0,0,0.82965933,0,Unemployed,Rural,No Criminal Background
49,0,0,3,0.324234299,1,Part-Time,Rural,Criminal Background
69,0,1,3,0.832372911,0,Part-Time,Rural,No Criminal Background
36,0,3,4,0.791022933,1,Part-Time,Rural,No Criminal Background
50,0,0,4,0.513274985,1,Part-Time,Urban,No Criminal Background
45,1,2,4,0.336716597,1,Part-Time,Urban,No Criminal Background
48,0,3,4,0.681066707,1,Part-Time,Urban,No Criminal Background
38,1,3,4,1,0,Unemployed,Rural,Criminal Background
51,1,3,0,0.515411002,0,Unemployed,Rural,Criminal Background
32,1,0,0,0.391735096,1,Employed,Urban,No Criminal Background
31,1,1,2,0.584976297,1,Student,Rural,Criminal Background
36,0,1,2,0.127269473,0,Unemployed,Urban,No Criminal Background
60,1,0,1,0.636137772,1,Unemployed,Urban,Criminal Background
32,0,2,0,0.397723839,0,Student,Urban,Criminal Background
23,1,2,4,0.127493228,0,Student,Rural,Criminal Background
69,1,2,1,0.489569578,0,Employed,Rural,Criminal Background
26,1,0,3,0.003722385,0,Employed,Urban,Criminal Background
54,0,1,0,0.55687435,0,Part-Time,Rural,Criminal Background
37,1,0,2,0.111022031,0,Employed,Rural,Criminal Background
51,1,1,0,0.033669687,0,Employed,Rural,No Criminal Background
55,1,3,0,0.824475046,1,Student,Urban,No Criminal Background
43,1,0,0,1,0,Unemployed,Rural,No Criminal Background
35,0,1,0,0.287837063,0,Part-Time,Rural,No Criminal Background
45,0,3,3,0.622889495,0,Employed,Rural,No Criminal Background
68,1,3,2,0.277958157,0,Student,Urban,Criminal Background
26,1,0,0,0.493577439,0,Part-Time,Urban,Criminal Background
49,0,1,3,0.576353344,0,Part-Time,Urban,Criminal Background
23,0,3,1,0.341829365,1,Student,Rural,No Criminal Background
31,0,0,0,0.770432938,0,Employed,Urban,Criminal Background
45,1,3,3,0.132815507,0,Employed,Rural,Criminal Background
41,0,2,4,0.05838006,1,Employed,Urban,No Criminal Background
30,1,0,1,0.806059205,1,Employed,Rural,No Criminal Background
60,0,3,2,0.805775338,0,Part-Time,Urban,Criminal Background
29,0,0,0,0.630635547,0,Unemployed,Urban,Criminal Background
68,1,0,0,0.491179259,0,Part-Time,Rural,Criminal Background
36,0,1,3,0.656583021,0,Part-Time,Urban,Criminal Background
38,1,1,2,0.550650336,0,Student,Rural,No Criminal Background
44,0,3,4,0.453790602,1,Part-Time,Rural,No Criminal Background
36,1,0,1,0.524675133,0,Employed,Rural,No Criminal Background
41,0,0,2,0.610435023,0,Student,Rural,Criminal Background
43,0,2,0,0.87906189,0,Student,Rural,Criminal Background
62,1,0,3,0.746767519,1,Student,Rural,No Criminal Background
45,1,1,4,0.453154896,0,Student,Urban,Criminal Background
63,1,0,3,0.454894575,0,Student,Urban,Criminal Background
35,1,1,1,0.448436604,0,Employed,Urban,No Criminal Background
61,0,2,2,0.678717754,0,Unemployed,Urban,No Criminal Background
53,0,3,3,0.573492225,1,Unemployed,Urban,Criminal Background
59,0,1,3,1,0,Student,Urban,No Criminal Background
46,0,3,0,1,0,Unemployed,Rural,Criminal Background
34,0,3,3,1,0,Part-Time,Rural,Criminal Background
21,0,3,4,0.941911209,1,Unemployed,Rural,Criminal Background
61,1,3,2,0.970992149,0,Part-Time,Urban,Criminal Background
62,0,1,1,0.969244292,1,Employed,Rural,Criminal Background
46,0,2,3,1,0,Student,Rural,Criminal Background
21,1,0,4,0.166078385,0,Part-Time,Rural,No Criminal Background
27,0,1,1,0.072734066,0,Employed,Rural,No Criminal Background
42,0,2,4,0.637037704,0,Employed,Urban,Criminal Background
48,0,0,3,1,1,Student,Rural,Criminal Background
20,1,3,3,0.504258336,1,Unemployed,Rural,Criminal Background
64,1,0,2,0.22264553,0,Employed,Rural,No Criminal Background
19,0,0,0,0.725724927,0,Unemployed,Urban,Criminal Background
42,1,2,4,0.746118418,0,Unemployed,Urban,No Criminal Background
66,0,0,0,0.418636102,1,Unemployed,Rural,No Criminal Background
23,0,3,0,0.825558609,0,Part-Time,Rural,Criminal Background
43,0,1,1,1,0,Unemployed,Urban,No Criminal Background
25,1,1,1,1,0,Unemployed,Urban,No Criminal Background
52,0,2,4,0.370459217,0,Employed,Rural,No Criminal Background
44,0,3,0,0.359396051,1,Student,Urban,Criminal Background
42,0,3,2,0.408695347,1,Part-Time,Urban,No Criminal Background
35,0,0,0,0.499109265,0,Unemployed,Urban,Criminal Background
18,0,2,1,0.115869022,0,Student,Rural,No Criminal Background
65,1,3,0,0.876257265,0,Unemployed,Urban,No Criminal Background
56,0,3,3,0.462154168,1,Unemployed,Urban,No Criminal Background
20,1,3,3,0.923810976,0,Employed,Rural,No Criminal Background
21,0,1,2,1,0,Student,Rural,No Criminal Background
58,1,1,4,0.03078345,0,Employed,Rural,Criminal Background
54,0,1,0,1,0,Employed,Urban,Criminal Background
68,0,0,3,0.898178755,0,Unemployed,Urban,No Criminal Background
32,1,0,4,0.628373613,0,Unemployed,Rural,No Criminal Background
25,1,0,3,0.517390046,1,Unemployed,Rural,No Criminal Background
55,0,3,4,0.598888443,0,Student,Rural,No Criminal Background
67,1,1,4,0.409027152,0,Student,Rural,Criminal Background
36,1,3,3,0.719204425,0,Student,Rural,Criminal Background
64,0,3,1,0.102278304,0,Student,Urban,No Criminal Background
43,0,2,4,0.785720093,0,Unemployed,Urban,Criminal Background
56,0,3,0,0.365726797,0,Unemployed,Rural,No Criminal Background
27,0,0,3,0.021338143,0,Employed,Urban,No Criminal Background
55,0,1,1,0.880957721,0,Unemployed,Rural,Criminal Background
31,1,1,3,0.694137307,0,Student,Urban,Criminal Background
66,0,3,2,0.469225905,0,Part-Time,Urban,No Criminal Background
58,1,0,0,0.087285626,1,Unemployed,Rural,No Criminal Background
36,0,0,2,1,0,Student,Rural,No Criminal Background
47,0,0,4,0.706202582,0,Employed,Rural,Criminal Background
22,1,1,4,0.167668571,0,Unemployed,Rural,No Criminal Background
48,0,0,2,0.562023634,0,Part-Time,Urban,Criminal Background
24,1,0,2,0.497254316,1,Student,Urban,No Criminal Background
36,1,3,4,0.072935257,0,Unemployed,Rural,Criminal Background
48,1,2,1,0.606859704,1,Student,Urban,Criminal Background
69,0,0,0,0.933616991,0,Part-Time,Rural,Criminal Background
56,0,3,3,0.865104303,1,Part-Time,Rural,No Criminal Background
41,0,3,2,0.257872641,1,Employed,Rural,No Criminal Background
51,0,0,0,0.995947872,0,Part-Time,Rural,No Criminal Background
40,0,2,3,0.454981632,1,Unemployed,Rural,Criminal Background
65,0,1,3,1,0,Part-Time,Urban,Criminal Background
62,1,2,2,0.090761175,1,Unemployed,Urban,Criminal Background
57,0,0,1,0.615053991,1,Unemployed,Urban,Criminal Background
23,0,2,1,0.689678656,1,Student,Rural,Criminal Background
55,0,3,0,0.361835368,0,Unemployed,Rural,Criminal Background
58,0,3,0,1,1,Unemployed,Urban,Criminal Background
53,1,2,4,0.62689568,0,Employed,Urban,No Criminal Background
44,1,1,1,0.022817891,0,Student,Rural,Criminal Background
28,1,2,0,0.699623879,0,Unemployed,Urban,Criminal Background
22,1,0,4,0.516052146,1,Employed,Rural,Criminal Background
34,1,1,3,0.246996794,0,Student,Rural,Criminal Background
69,0,2,0,1,0,Part-Time,Rural,Criminal Background
24,1,2,4,1,0,Unemployed,Urban,No Criminal Background
44,1,1,1,0.368559696,0,Part-Time,Rural,Criminal Background
64,0,2,3,0.687430605,1,Student,Rural,Criminal Background
32,0,0,0,0.348152354,1,Student,Urban,Criminal Background
63,1,3,1,0.814270539,0,Employed,Rural,No Criminal Background
30,0,0,3,1,0,Unemployed,Rural,Criminal Background
28,0,2,2,0.453918188,0,Unemployed,Urban,Criminal Background
62,1,3,1,0.805584249,0,Employed,Urban,No Criminal Background
43,0,1,2,0.690792854,0,Part-Time,Rural,Criminal Background
39,1,0,0,0.396578561,0,Student,Urban,Criminal Background
45,1,1,4,1,0,Employed,Urban,No Criminal Background
41,0,3,0,0.589517415,0,Student,Rural,No Criminal Background
46,1,2,1,0.490781025,0,Part-Time,Rural,No Criminal Background
26,1,3,2,0.706056122,0,Part-Time,Rural,Criminal Background
59,0,3,2,0.301725502,0,Part-Time,Rural,Criminal Background
21,0,1,3,0.517687357,0,Unemployed,Rural,Criminal Background
66,0,0,0,1,1,Student,Rural,Criminal Background
63,0,3,0,0.74638283,0,Student,Urban,Criminal Background
35,1,2,1,0.954765906,0,Employed,Rural,No Criminal Background
60,0,3,2,0.298222938,0,Student,Urban,Criminal Background
33,0,1,1,0.908020859,1,Unemployed,Urban,No Criminal Background
50,1,0,1,1,1,Employed,Rural,Criminal Background
46,1,2,2,0.318703899,1,Part-Time,Urban,No Criminal Background
56,1,1,1,0.20220036,0,Student,Rural,No Criminal Background
27,1,3,2,0.6462708,0,Unemployed,Urban,Criminal Background
26,0,3,1,0.490593677,1,Unemployed,Urban,No Criminal Background
48,0,0,4,0.193088452,0,Student,Urban,Criminal Background
45,1,1,1,1,1,Unemployed,Urban,Criminal Background
20,1,1,1,1,0,Part-Time,Urban,No Criminal Background
31,1,0,4,0.625440399,0,Student,Urban,No Criminal Background
42,1,2,0,0.813410607,1,Student,Rural,Criminal Background
32,0,1,2,1,0,Student,Urban,Criminal Background
19,1,0,3,0.736031106,0,Employed,Rural,Criminal Background
41,0,1,4,0.061200284,0,Part-Time,Rural,Criminal Background
31,1,0,0,0.181279366,1,Unemployed,Urban,No Criminal Background
65,0,3,1,0.085896921,0,Student,Urban,Criminal Background
24,0,3,0,0.010867567,0,Student,Urban,No Criminal Background
53,0,1,4,0.487727676,0,Unemployed,Rural,Criminal Background
67,0,1,1,0.517909868,1,Part-Time,Urban,Criminal Background
41,1,3,0,0.291043402,1,Unemployed,Rural,Criminal Background
44,0,2,3,0.08172488,0,Unemployed,Urban,No Criminal Background
54,1,0,2,0.529863091,0,Student,Urban,No Criminal Background
55,0,2,2,0.315683815,0,Employed,Rural,No Criminal Background
47,0,2,4,0.87564087,0,Employed,Urban,Criminal Background
44,1,2,1,0.008455253,1,Employed,Rural,Criminal Background
56,1,3,1,0.842527051,0,Employed,Urban,No Criminal Background
32,0,1,2,1,0,Employed,Urban,Criminal Background
43,0,2,0,0.787748569,0,Student,Urban,No Criminal Background
18,1,3,1,0.733644065,0,Employed,Urban,No Criminal Background
21,0,0,3,1,0,Unemployed,Urban,Criminal Background
46,1,1,3,0.263429819,0,Student,Rural,No Criminal Background
18,1,0,1,1,1,Unemployed,Rural,Criminal Background
60,1,2,1,0.89337079,0,Employed,Rural,Criminal Background
67,0,1,2,1,0,Part-Time,Rural,No Criminal Background
63,0,2,4,0.417059619,0,Employed,Rural,Criminal Background
39,1,1,2,0.720426281,1,Student,Urban,No Criminal Background
28,1,2,4,0.752005457,0,Unemployed,Urban,No Criminal Background
27,1,0,3,0.620342861,1,Part-Time,Urban,No Criminal Background
34,1,0,4,0.704984638,1,Part-Time,Urban,Criminal Background
53,0,2,2,0.099681904,1,Part-Time,Urban,No Criminal Background
64,1,1,1,0.515334579,0,Unemployed,Rural,Criminal Background
43,0,0,4,0.501270019,0,Student,Rural,No Criminal Background
65,1,1,2,0.328392915,0,Part-Time,Rural,Criminal Background
38,0,1,3,0.275150606,0,Unemployed,Rural,No Criminal Background
30,0,0,4,0.184530425,1,Unemployed,Rural,No Criminal Background
26,0,3,3,0.443323905,0,Employed,Urban,Criminal Background
28,0,3,3,0.686624126,0,Unemployed,Urban,No Criminal Background
28,0,1,0,0.091441791,0,Student,Urban,No Criminal Background
23,1,0,4,1,1,Student,Urban,Criminal Background
18,1,3,2,0.803505489,0,Part-Time,Rural,Criminal Background
23,0,2,4,0.970753868,0,Unemployed,Rural,No Criminal Background
30,1,1,4,0.238547524,0,Unemployed,Urban,No Criminal Background
39,1,3,3,0.603800768,1,Employed,Urban,Criminal Background
48,1,0,3,0.529724947,0,Employed,Urban,No Criminal Background
39,1,0,3,1,0,Unemployed,Urban,Criminal Background
54,1,1,3,1,0,Unemployed,Urban,Criminal Background
64,1,0,2,0.662126166,1,Unemployed,Urban,No Criminal Background
44,1,2,1,0.8933533,0,Employed,Rural,Criminal Background
67,0,2,0,0.197047271,1,Employed,Rural,Criminal Background
69,1,3,3,0.017575092,0,Student,Rural,No Criminal Background
31,1,0,3,0.724745,0,Part-Time,Rural,No Criminal Background
64,1,2,0,0.09831146,0,Part-Time,Urban,No Criminal Background
22,0,1,3,0.152372405,0,Part-Time,Urban,No Criminal Background
53,0,0,1,0.819148799,0,Part-Time,Urban,Criminal Background
49,1,3,4,0.270534844,0,Employed,Urban,Criminal Background
51,0,1,0,0.871282865,0,Employed,Rural,Criminal Background
24,0,1,2,1,0,Unemployed,Urban,No Criminal Background
59,1,1,0,0.379769438,0,Student,Urban,Criminal Background
65,0,2,1,0.250801502,1,Student,Rural,No Criminal Background
27,1,1,2,0.12787546,1,Part-Time,Urban,Criminal Background
67,0,2,4,0.190615295,0,Unemployed,Rural,No Criminal Background
34,1,1,3,0.094454052,0,Unemployed,Urban,No Criminal Background
47,0,2,0,0.101226948,1,Employed,Rural,Criminal Background
38,1,0,2,0.573810095,1,Unemployed,Rural,No Criminal Background
30,1,2,0,0.320865045,1,Student,Urban,Criminal Background
18,0,2,4,0.854938585,0,Student,Urban,Criminal Background
18,1,0,0,1,0,Unemployed,Rural,Criminal Background
64,1,1,2,0.941727844,0,Employed,Urban,Criminal Background
50,0,0,1,0.612886031,0,Student,Rural,No Criminal Background
55,1,1,2,0.122930539,0,Employed,Urban,Criminal Background
42,1,2,0,0.745255648,0,Employed,Rural,Criminal Background
43,0,1,4,0.526827308,0,Student,Urban,Criminal Background
30,1,2,3,0.089932914,0,Employed,Rural,No Criminal Background
45,0,1,3,1,0,Part-Time,Rural,Criminal Background
50,1,2,4,0.338216517,0,Part-Time,Urban,No Criminal Background
54,0,2,0,0.240073716,1,Part-Time,Urban,Criminal Background
58,0,3,4,1,1,Unemployed,Rural,Criminal Background
47,1,1,0,1,0,Student,Rural,Criminal Background
66,0,1,2,0.46981358,1,Part-Time,Rural,Criminal Background
65,1,3,1,0.354801419,0,Employed,Urban,Criminal Background
25,1,2,0,0.608609954,0,Part-Time,Rural,No Criminal Background
66,0,2,3,0.931837418,1,Employed,Rural,No Criminal Background
64,1,3,3,0.063149202,0,Student,Urban,Criminal Background
18,1,3,1,0.62301084,0,Part-Time,Rural,Criminal Background
29,0,0,0,1,0,Student,Urban,Criminal Background
22,1,2,1,0.275198592,0,Part-Time,Rural,No Criminal Background
41,1,0,2,0.908827214,0,Employed,Urban,Criminal Background
23,0,1,1,1,0,Employed,Urban,No Criminal Background
42,1,0,2,0.309526687,0,Unemployed,Urban,Criminal Background
18,1,3,3,0.95406536,1,Unemployed,Urban,Criminal Background
42,0,3,2,0.332255424,0,Unemployed,Urban,Criminal Background
18,1,3,0,0.737611162,0,Part-Time,Urban,No Criminal Background
49,1,3,0,0.83729097,0,Student,Rural,Criminal Background
59,0,0,0,0.271926274,1,Part-Time,Urban,No Criminal Background
59,1,0,0,0.751663021,1,Employed,Rural,Criminal Background
20,1,0,4,0.812104539,1,Student,Urban,No Criminal Background
66,0,3,2,0.394436759,0,Employed,Urban,No Criminal Background
36,0,3,0,0.245026333,0,Unemployed,Rural,Criminal Background
60,1,2,1,0.091964567,0,Employed,Urban,No Criminal Background
46,1,2,1,0.664565868,0,Part-Time,Rural,Criminal Background
67,0,3,4,1,0,Employed,Rural,Criminal Background
19,1,2,2,0.864097836,1,Employed,Rural,Criminal Background
26,1,1,2,0.523007567,0,Employed,Urban,Criminal Background
34,1,1,2,0.676142338,1,Student,Rural,No Criminal Background
63,0,3,4,0.355140178,0,Employed,Rural,Criminal Background
53,1,0,2,0.171219161,1,Employed,Rural,No Criminal Background
34,1,1,2,0.665271998,0,Unemployed,Urban,Criminal Background
66,0,1,0,0.703595377,1,Unemployed,Urban,No Criminal Background
29,0,0,2,0.574122948,0,Part-Time,Urban,Criminal Background
37,0,2,0,1,1,Unemployed,Urban,No Criminal Background
67,1,0,0,0.6038953,0,Employed,Urban,Criminal Background
20,1,2,2,0.731469493,0,Unemployed,Rural,Criminal Background
60,0,2,1,0.162655461,0,Student,Rural,Criminal Background
67,1,0,3,1,0,Part-Time,Rural,No Criminal Background
21,1,2,1,1,0,Unemployed,Rural,Criminal Background
34,1,1,2,1,1,Part-Time,Urban,Criminal Background
67,1,3,2,0.455730453,0,Part-Time,Urban,No Criminal Background
54,0,2,1,0.552340905,1,Part-Time,Urban,No Criminal Background
63,0,1,2,0.689150628,0,Student,Urban,Criminal Background
59,1,0,0,0.203799266,0,Employed,Rural,No Criminal Background
32,0,2,4,0.796359976,0,Student,Rural,No Criminal Background
50,1,1,2,1,1,Part-Time,Rural,Criminal Background
33,1,2,2,0.188261691,0,Unemployed,Urban,No Criminal Background
28,0,0,1,0.114652247,0,Unemployed,Rural,No Criminal Background
37,0,3,0,0.937907119,0,Student,Rural,No Criminal Background
55,1,2,1,0.314182106,0,Unemployed,Urban,Criminal Background
41,1,3,1,0.623862542,0,Part-Time,Urban,No Criminal Background
33,1,2,2,0.730546255,0,Part-Time,Rural,Criminal Background
47,1,2,0,0.321910764,0,Employed,Urban,Criminal Background
51,0,0,2,0.94149201,0,Part-Time,Rural,No Criminal Background
18,0,2,2,0.730522865,1,Unemployed,Rural,Criminal Background
41,1,1,2,1,0,Employed,Rural,Criminal Background
41,1,1,2,1,1,Unemployed,Rural,Criminal Background
26,0,3,4,1,0,Student,Rural,Criminal Background
39,1,3,3,0.02217752,0,Employed,Urban,No Criminal Background
29,0,1,0,0.321428264,0,Part-Time,Urban,Criminal Background
34,1,3,4,0.09000794,0,Employed,Urban,Criminal Background
42,0,3,3,0.510605885,0,Part-Time,Rural,Criminal Background
45,1,1,3,1,0,Part-Time,Rural,No Criminal Background
32,1,1,3,0.645205562,0,Unemployed,Urban,No Criminal Background
47,1,1,4,1,0,Part-Time,Urban,Criminal Background
68,0,0,0,0.359896062,0,Part-Time,Urban,Criminal Background
44,0,0,1,0.431423777,0,Part-Time,Rural,No Criminal Background
39,1,1,3,1,1,Unemployed,Urban,No Criminal Background
27,1,2,1,0.425817147,1,Part-Time,Urban,No Criminal Background
48,1,1,1,1,0,Student,Rural,Criminal Background
44,1,0,2,0.27214008,1,Unemployed,Urban,No Criminal Background
29,0,3,1,1,1,Student,Urban,No Criminal Background
63,0,2,2,0.663637875,0,Employed,Rural,Criminal Background
48,0,2,0,1,0,Unemployed,Rural,Criminal Background
49,1,3,0,0.0895157,1,Student,Urban,No Criminal Background
49,1,2,2,0.594892053,0,Unemployed,Rural,Criminal Background
58,0,3,0,1,0,Part-Time,Urban,Criminal Background
62,1,0,3,1,0,Unemployed,Urban,Criminal Background
52,0,2,0,0.051495353,1,Employed,Urban,No Criminal Background
63,0,2,2,0.334068316,1,Student,Urban,Criminal Background
38,0,3,3,0.647723778,0,Unemployed,Rural,Criminal Background
27,0,3,1,0.198965861,1,Part-Time,Rural,Criminal Background
33,1,0,1,0.766498227,0,Student,Rural,Criminal Background
24,0,3,1,0.202963195,0,Student,Urban,Criminal Background
21,1,3,2,0.381303664,0,Student,Urban,Criminal Background
44,0,0,1,0.802569571,1,Employed,Urban,Criminal Background
69,0,1,0,0.734993415,0,Part-Time,Rural,Criminal Background
42,0,1,1,0.974913771,0,Part-Time,Urban,Criminal Background
48,0,3,4,1,0,Student,Urban,No Criminal Background
28,1,0,4,0.14743156,0,Unemployed,Urban,Criminal Background
65,1,1,1,0.983460855,0,Student,Rural,Criminal Background
37,1,0,1,0.253378571,0,Part-Time,Urban,Criminal Background
53,1,3,4,0.414476727,1,Employed,Urban,Criminal Background
34,0,3,1,0.041752093,0,Employed,Rural,Criminal Background
62,1,0,3,0.142702751,0,Student,Rural,Criminal Background
28,1,2,4,0.319777289,0,Employed,Urban,No Criminal Background
47,0,3,2,0.376184386,0,Employed,Urban,Criminal Background
52,1,3,4,1,0,Unemployed,Rural,Criminal Background
58,1,3,0,0.778903555,1,Employed,Rural,No Criminal Background
55,1,3,3,1,0,Unemployed,Rural,No Criminal Background
39,1,0,2,0.59907151,1,Student,Urban,No Criminal Background
60,0,0,1,0.307097297,1,Part-Time,Rural,Criminal Background
65,0,0,0,0.396462586,0,Part-Time,Urban,Criminal Background
68,1,0,0,0.424822065,0,Unemployed,Rural,Criminal Background
44,0,2,3,0.395058136,0,Part-Time,Urban,Criminal Background
54,1,0,2,0.74026059,0,Student,Urban,Criminal Background
63,1,0,0,0.613083157,0,Part-Time,Rural,Criminal Background
66,1,3,2,0.404695387,0,Employed,Rural,No Criminal Background
52,0,2,2,0.163998746,0,Student,Urban,Criminal Background
21,0,3,0,0.025570733,1,Student,Rural,Criminal Background
33,0,2,2,0.240718145,0,Part-Time,Urban,No Criminal Background
33,0,1,3,0.141862253,0,Part-Time,Urban,Criminal Background
38,0,2,0,1,0,Unemployed,Rural,No Criminal Background
43,0,2,3,0.136122529,0,Employed,Urban,No Criminal Background
53,1,3,3,0.760439649,0,Part-Time,Rural,No Criminal Background
36,0,2,2,0.424224559,1,Part-Time,Urban,No Criminal Background
34,1,2,2,0.084385148,1,Unemployed,Urban,Criminal Background
62,1,3,0,0.853366552,0,Part-Time,Rural,Criminal Background
43,0,1,1,0.765112353,0,Employed,Urban,Criminal Background
39,1,1,0,0.282913815,0,Employed,Urban,Criminal Background
45,1,1,3,1,0,Student,Urban,Criminal Background
18,1,2,2,0.04752123,1,Student,Rural,Criminal Background
61,0,3,3,0.256411812,1,Employed,Rural,No Criminal Background
53,0,1,4,1,0,Unemployed,Urban,No Criminal Background
60,1,1,4,0.851253516,0,Student,Urban,No Criminal Background
54,0,1,3,0.381838636,0,Employed,Urban,No Criminal Background
19,1,1,1,0.078151343,0,Employed,Rural,No Criminal Background
34,0,3,1,1,0,Student,Urban,Criminal Background
57,1,1,0,0.414080882,0,Employed,Urban,Criminal Background
55,1,2,0,0.205499086,0,Employed,Rural,No Criminal Background
38,0,2,0,0.596051405,0,Employed,Rural,No Criminal Background
26,0,3,2,1,0,Employed,Urban,Criminal Background
30,0,0,1,0.055325927,0,Student,Rural,Criminal Background
28,0,1,3,1,0,Unemployed,Urban,Criminal Background
33,0,1,4,0.793447894,0,Employed,Rural,Criminal Background
33,1,2,1,0.446721572,0,Part-Time,Rural,Criminal Background
19,1,3,1,0.898477136,1,Unemployed,Rural,No Criminal Background
59,1,0,1,1,0,Part-Time,Rural,No Criminal Background
61,0,2,0,0.252126832,1,Part-Time,Urban,No Criminal Background
25,0,0,2,0.158012102,0,Employed,Urban,Criminal Background
60,1,3,3,1,0,Student,Rural,No Criminal Background
59,1,3,0,0.735848385,0,Part-Time,Urban,No Criminal Background
30,1,3,2,0.437986022,0,Part-Time,Urban,No Criminal Background
34,1,2,1,0.630585527,0,Part-Time,Urban,Criminal Background
56,0,3,2,0.86118406,1,Employed,Rural,Criminal Background
41,1,2,0,0.811683494,0,Employed,Rural,Criminal Background
20,0,2,1,1,0,Student,Urban,Criminal Background
47,1,1,0,0.512211347,0,Employed,Urban,No Criminal Background
69,0,2,3,0.371164801,0,Unemployed,Urban,No Criminal Background
30,0,2,1,0.773993763,1,Student,Urban,Criminal Background
36,0,1,2,0.633818755,1,Employed,Rural,Criminal Background
24,0,0,0,0.654058299,0,Employed,Urban,Criminal Background
26,1,1,4,0.503982958,0,Part-Time,Urban,No Criminal Background
36,1,1,2,0.183594944,0,Employed,Urban,Criminal Background
62,1,3,2,0.469426752,1,Part-Time,Urban,No Criminal Background
57,0,3,1,0.760009604,0,Employed,Urban,Criminal Background
39,1,1,2,1,1,Employed,Rural,Criminal Background
35,1,3,0,0.517992591,0,Employed,Rural,Criminal Background
40,1,1,4,0.229019716,1,Employed,Rural,No Criminal Background
19,0,3,3,0.478964305,0,Employed,Rural,Criminal Background
67,0,2,4,0.908169488,0,Student,Rural,No Criminal Background
67,0,3,0,0.454145198,0,Employed,Urban,No Criminal Background
28,1,3,1,0.731357333,1,Employed,Rural,Criminal Background
48,1,2,0,0.532574366,1,Part-Time,Rural,No Criminal Background
50,1,1,2,0.384485539,1,Unemployed,Rural,Criminal Background
31,0,3,1,1,1,Unemployed,Urban,Criminal Background
33,1,3,3,0.084213454,0,Student,Urban,Criminal Background
28,0,2,3,0.577379311,1,Employed,Urban,Criminal Background
50,0,2,0,0.264247158,1,Unemployed,Urban,No Criminal Background
24,0,2,2,0.077460801,0,Part-Time,Rural,No Criminal Background
48,0,0,3,0.580888697,0,Part-Time,Rural,Criminal Background
65,1,2,4,0.57699429,0,Student,Rural,Criminal Background
63,1,1,1,0.93310919,0,Part-Time,Urban,No Criminal Background
64,0,3,4,0.989215108,1,Unemployed,Rural,No Criminal Background
31,1,3,3,0.878808223,0,Unemployed,Rural,No Criminal Background
45,0,0,3,0.518091797,0,Unemployed,Urban,No Criminal Background
60,1,3,0,0.631689787,0,Employed,Urban,Criminal Background
33,1,3,0,0.605792505,0,Part-Time,Rural,No Criminal Background
36,0,1,1,0.584284594,0,Part-Time,Rural,No Criminal Background
34,0,3,0,0.758758728,1,Employed,Rural,Criminal Background
43,0,1,2,1,0,Unemployed,Rural,Criminal Background
23,0,0,1,0.222792274,1,Part-Time,Rural,No Criminal Background
60,1,1,2,1,0,Unemployed,Rural,Criminal Background
66,0,2,0,0.058801065,1,Employed,Urban,No Criminal Background
26,1,2,1,0.354647595,0,Unemployed,Urban,Criminal Background
67,0,0,3,0.366088538,0,Student,Rural,No Criminal Background
34,1,3,4,0.689001619,0,Employed,Urban,Criminal Background
48,0,1,3,0.230075396,1,Unemployed,Rural,No Criminal Background
29,1,2,2,0.926464992,0,Employed,Rural,Criminal Background
40,1,1,3,0.99426169,0,Part-Time,Urban,No Criminal Background
22,1,2,3,0.65206582,1,Student,Urban,Criminal Background
60,0,1,4,0.635361571,0,Employed,Rural,Criminal Background
53,0,3,4,1,0,Unemployed,Urban,Criminal Background
53,0,0,3,1,0,Part-Time,Rural,Criminal Background
20,0,3,4,0.631633662,0,Unemployed,Urban,Criminal Background
41,1,1,3,1,0,Unemployed,Rural,No Criminal Background
34,1,2,1,0.623622947,0,Employed,Urban,Criminal Background
56,1,2,3,0.61733935,1,Employed,Rural,Criminal Background
43,0,0,0,0.418684728,0,Unemployed,Urban,No Criminal Background
21,1,3,4,0.462084605,0,Employed,Urban,No Criminal Background
62,1,3,4,0.089839645,0,Unemployed,Urban,Criminal Background
29,0,3,2,0.412737739,0,Employed,Rural,Criminal Background
18,0,2,2,0.765411367,0,Student,Urban,Criminal Background
38,1,0,0,0.953216031,1,Employed,Urban,No Criminal Background
36,0,2,4,1,1,Unemployed,Rural,Criminal Background
38,0,3,4,0.641859914,1,Part-Time,Rural,No Criminal Background
69,0,1,2,0.800741372,0,Employed,Urban,No Criminal Background
35,0,2,2,0.204293304,1,Student,Urban,No Criminal Background
60,1,0,3,0.764838919,1,Student,Urban,Criminal Background
69,1,3,4,0.070658793,0,Student,Urban,Criminal Background
20,1,1,4,0.358703964,0,Student,Rural,Criminal Background
66,1,2,3,0.768617849,0,Unemployed,Urban,Criminal Background
61,1,1,4,0.390990766,0,Student,Rural,No Criminal Background
49,0,1,0,0.069087768,1,Part-Time,Rural,Criminal Background
27,1,0,2,0.831870409,0,Employed,Urban,No Criminal Background
57,1,2,2,0.358431158,0,Student,Rural,Criminal Background
32,0,0,2,0.069415747,0,Employed,Urban,No Criminal Background
22,0,3,1,0.09933738,0,Unemployed,Rural,Criminal Background
21,0,1,0,0.348937695,0,Employed,Rural,Criminal Background
45,1,0,0,0.214954256,1,Unemployed,Rural,No Criminal Background
69,0,0,3,1,0,Unemployed,Urban,Criminal Background
68,0,3,1,0.408699581,1,Employed,Rural,Criminal Background
21,0,2,4,0.929423632,0,Student,Rural,No Criminal Background
32,1,0,0,0.182538298,0,Part-Time,Rural,No Criminal Background
34,0,1,1,0.683130543,0,Employed,Rural,No Criminal Background
61,0,1,1,0.953619467,1,Part-Time,Rural,No Criminal Background
20,1,1,0,0.821508476,0,Employed,Rural,Criminal Background
27,0,1,3,0.872839903,0,Part-Time,Urban,Criminal Background
64,1,0,1,0.971062682,0,Employed,Rural,No Criminal Background
59,1,1,2,0.287941686,1,Part-Time,Rural,Criminal Background
40,0,0,1,0.543091125,0,Part-Time,Urban,Criminal Background
35,1,2,4,0.928192178,0,Employed,Rural,No Criminal Background
18,0,1,0,0.107960759,0,Employed,Rural,No Criminal Background
52,0,2,4,0.070698659,0,Unemployed,Urban,Criminal Background
48,0,0,3,0.256632516,1,Part-Time,Urban,Criminal Background
61,0,3,2,0.731139509,1,Employed,Rural,No Criminal Background
18,1,2,0,0.272873608,0,Student,Rural,No Criminal Background
20,0,1,1,0.263672479,1,Student,Rural,No Criminal Background
20,0,3,2,0.609404175,1,Unemployed,Rural,Criminal Background
54,0,2,1,0.674957876,0,Student,Urban,No Criminal Background
36,1,0,3,0.260985592,1,Employed,Rural,No Criminal Background
46,1,0,0,0.330760305,0,Part-Time,Urban,Criminal Background
42,0,0,3,0.708660997,0,Employed,Rural,No Criminal Background
50,1,2,3,0.945738422,0,Student,Urban,No Criminal Background
53,1,0,3,0.779326695,0,Student,Rural,No Criminal Background
46,0,2,3,0.861194558,0,Employed,Urban,Criminal Background
43,0,1,1,0.612499496,1,Unemployed,Urban,Criminal Background
21,0,1,4,0.359375754,1,Employed,Urban,No Criminal Background
66,0,2,1,0.574648695,1,Unemployed,Urban,Criminal Background
31,0,2,2,0.887846112,0,Student,Urban,No Criminal Background
67,1,3,3,0.479114624,1,Part-Time,Rural,Criminal Background
44,0,0,2,0.977967847,0,Part-Time,Rural,Criminal Background
50,0,1,1,1,0,Employed,Rural,No Criminal Background
39,0,1,3,0.109336479,0,Unemployed,Urban,No Criminal Background
65,0,3,1,0.054946289,0,Student,Urban,Criminal Background
20,0,2,3,0.172776107,0,Part-Time,Rural,Criminal Background
40,1,2,1,0.384369676,0,Employed,Urban,Criminal Background
38,0,3,0,0.14414643,1,Employed,Urban,Criminal Background
58,1,0,4,0.870664478,1,Student,Urban,No Criminal Background
40,0,2,4,0.028006964,1,Student,Urban,Criminal Background
21,0,2,3,0.364740587,0,Employed,Rural,No Criminal Background
38,0,0,0,0.213322297,1,Employed,Rural,No Criminal Background
54,1,0,2,0.978116297,1,Employed,Rural,Criminal Background
60,0,3,0,0.846893471,0,Unemployed,Urban,Criminal Background
48,0,3,3,1,1,Student,Rural,Criminal Background
38,0,3,0,1,0,Employed,Urban,No Criminal Background
43,0,2,2,0.574148471,0,Student,Rural,No Criminal Background
58,0,3,3,0.27063857,0,Employed,Rural,Criminal Background
52,0,2,4,0.213101665,0,Employed,Urban,Criminal Background
55,0,1,0,0.308965542,1,Employed,Rural,Criminal Background
41,1,0,4,0.708593308,0,Student,Urban,No Criminal Background
28,0,0,4,0.046714816,0,Employed,Rural,No Criminal Background
58,0,1,1,0.071186447,1,Employed,Rural,Criminal Background
46,0,3,2,0.772645608,1,Student,Rural,No Criminal Background
64,1,2,0,0.674160004,0,Employed,Rural,No Criminal Background
20,1,2,4,0.698526071,0,Part-Time,Rural,No Criminal Background
18,0,2,4,0.472474181,0,Part-Time,Rural,No Criminal Background
69,1,0,2,0.805944889,0,Employed,Urban,Criminal Background
36,0,3,4,0.708786859,0,Unemployed,Rural,Criminal Background
63,0,2,4,0.133994083,0,Student,Rural,Criminal Background
66,1,2,4,0.797099307,1,Employed,Urban,No Criminal Background
39,0,2,4,1,1,Student,Urban,Criminal Background
31,1,1,1,0.086992618,0,Unemployed,Rural,Criminal Background
66,1,2,1,0.472556741,0,Unemployed,Rural,No Criminal Background
31,1,1,3,0.585019254,0,Student,Urban,No Criminal Background
61,0,2,0,0.194549787,0,Unemployed,Rural,No Criminal Background
33,0,2,2,1,0,Unemployed,Rural,Criminal Background
50,0,2,3,0.32819284,0,Student,Rural,Criminal Background
30,0,1,1,1,0,Unemployed,Urban,No Criminal Background
55,0,2,1,0.774998627,0,Part-Time,Rural,Criminal Background
66,0,3,1,0.657850405,0,Employed,Urban,Criminal Background
29,0,2,3,0.244117489,0,Part-Time,Rural,No Criminal Background
68,1,1,1,0.291328647,0,Part-Time,Urban,No Criminal Background
55,0,1,3,0.068749884,0,Employed,Urban,Criminal Background
56,0,3,1,0.278022856,0,Part-Time,Rural,Criminal Background
50,0,0,4,0.37998797,0,Employed,Urban,No Criminal Background
50,1,3,4,0.833145304,0,Employed,Urban,No Criminal Background
46,1,3,0,0.3847123,0,Student,Rural,No Criminal Background
22,1,1,1,0.905546139,0,Employed,Urban,No Criminal Background
23,0,2,0,0.483386509,1,Employed,Urban,Criminal Background
48,1,2,3,0.902598559,0,Unemployed,Urban,Criminal Background
33,1,0,0,1,0,Unemployed,Urban,Criminal Background
48,0,0,1,0.277017,1,Part-Time,Rural,Criminal Background
42,0,0,3,1,1,Employed,Rural,Criminal Background
65,0,0,3,0.71820682,0,Employed,Rural,No Criminal Background
63,1,3,4,0.899023688,1,Student,Urban,No Criminal Background
50,0,3,3,0.827839889,0,Employed,Rural,No Criminal Background
30,0,2,3,0.466344458,1,Student,Urban,No Criminal Background
69,0,3,0,0.289769211,0,Employed,Rural,Criminal Background
27,0,2,3,0.08859456,1,Unemployed,Urban,Criminal Background
41,0,2,2,0.782432494,1,Unemployed,Rural,No Criminal Background
27,0,2,4,1,0,Unemployed,Urban,Criminal Background
58,1,2,4,0.811845986,1,Part-Time,Urban,No Criminal Background
48,0,1,3,0.432096115,0,Employed,Urban,Criminal Background
30,1,2,0,0.95128552,0,Unemployed,Urban,Criminal Background
20,1,3,4,0.88817652,0,Student,Rural,Criminal Background
67,0,3,4,0.356269279,1,Unemployed,Urban,Criminal Background
69,1,3,2,0.01430749,0,Employed,Urban,Criminal Background
51,1,3,3,0.135887034,0,Unemployed,Urban,Criminal Background
66,1,1,4,1,0,Employed,Rural,Criminal Background
45,0,0,4,0.966230306,0,Employed,Rural,No Criminal Background
36,1,0,4,0.356464869,0,Unemployed,Rural,No Criminal Background
40,1,2,4,0.313714969,1,Student,Urban,Criminal Background
62,1,2,0,0.792864987,1,Part-Time,Urban,No Criminal Background
49,1,3,1,0.984624343,0,Employed,Rural,No Criminal Background
30,0,3,2,0.942756081,0,Part-Time,Urban,No Criminal Background
50,0,0,0,0.804359878,0,Unemployed,Rural,No Criminal Background
51,1,0,2,0.24267135,0,Employed,Urban,No Criminal Background
50,0,3,4,0.578322706,0,Employed,Urban,Criminal Background
22,0,2,2,0.341178339,0,Unemployed,Rural,Criminal Background
20,1,1,3,1,0,Part-Time,Urban,Criminal Background
24,0,1,3,0.510788625,0,Student,Urban,No Criminal Background
41,0,0,1,1,1,Unemployed,Urban,No Criminal Background
39,1,0,1,0.506872444,1,Unemployed,Rural,Criminal Background
62,1,0,2,0.824149405,0,Student,Urban,No Criminal Background
40,0,1,0,0.483977468,0,Student,Urban,Criminal Background
47,0,1,0,0.58097517,0,Student,Urban,Criminal Background
35,0,3,4,0.677037261,1,Student,Urban,No Criminal Background
49,0,2,0,0.093359523,0,Unemployed,Rural,No Criminal Background
24,1,0,1,1,1,Student,Rural,No Criminal Background
50,1,3,0,0.662514683,0,Part-Time,Rural,Criminal Background
22,1,1,4,0.670322419,0,Student,Urban,Criminal Background
66,1,3,3,0.88136367,0,Employed,Rural,Criminal Background
45,1,1,0,1,0,Employed,Rural,Criminal Background
25,0,2,0,0.574486445,0,Student,Urban,No Criminal Background
32,0,1,1,1,0,Unemployed,Urban,Criminal Background
69,1,3,2,0.074448431,1,Unemployed,Urban,No Criminal Background
21,1,2,3,0.118887082,0,Part-Time,Rural,Criminal Background
51,1,1,2,0.905924533,0,Unemployed,Urban,Criminal Background
22,0,0,4,0.40894607,0,Part-Time,Rural,Criminal Background
50,0,1,4,0.612777219,0,Part-Time,Urban,Criminal Background
22,0,2,2,0.378931497,0,Part-Time,Rural,Criminal Background
55,1,3,1,0.445197843,0,Student,Urban,Criminal Background
51,1,2,1,0.946043299,0,Unemployed,Urban,No Criminal Background
43,1,3,1,0.62315001,0,Employed,Rural,Criminal Background
18,1,1,3,1,0,Part-Time,Urban,No Criminal Background
21,1,1,4,0.991467789,0,Employed,Rural,No Criminal Background
56,0,2,4,0.30103288,1,Part-Time,Urban,Criminal Background
43,1,0,4,0.31919673,0,Unemployed,Rural,Criminal Background
50,0,1,3,0.465555002,1,Student,Rural,Criminal Background
50,0,0,4,1,0,Part-Time,Urban,No Criminal Background
25,0,0,2,0.030016416,0,Part-Time,Urban,No Criminal Background
37,0,2,0,0.278519347,0,Employed,Urban,No Criminal Background
33,0,1,3,1,0,Student,Rural,No Criminal Background
38,1,0,0,0.772674947,0,Unemployed,Rural,Criminal Background
62,1,1,2,0.28582734,0,Part-Time,Rural,No Criminal Background
43,1,3,1,0.264617549,0,Unemployed,Rural,No Criminal Background
40,0,0,1,0.996323908,0,Student,Rural,No Criminal Background
35,0,2,1,1,1,Employed,Rural,No Criminal Background
48,0,2,3,0.29583141,1,Student,Rural,Criminal Background
69,0,0,1,0.462561394,0,Student,Urban,Criminal Background
59,0,1,3,1,0,Student,Rural,Criminal Background
29,0,3,3,0.848108182,0,Student,Urban,Criminal Background
18,1,3,0,0.982803699,0,Unemployed,Rural,Criminal Background
59,0,2,1,0.757418637,1,Unemployed,Rural,No Criminal Background
26,0,2,4,1,0,Employed,Rural,No Criminal Background
20,1,1,1,0.391141853,0,Part-Time,Urban,No Criminal Background
68,0,2,1,0.180956315,0,Part-Time,Rural,No Criminal Background
43,1,1,1,0.893002739,1,Student,Rural,No Criminal Background
26,1,0,4,0.566322137,0,Student,Rural,Criminal Background
59,1,3,4,0.982773634,0,Unemployed,Urban,No Criminal Background
68,0,0,3,0.098202691,0,Part-Time,Urban,Criminal Background
33,1,2,4,0.885877024,0,Employed,Rural,Criminal Background
41,1,3,3,0.307959386,0,Student,Rural,Criminal Background
67,0,3,0,0.956793244,1,Unemployed,Rural,No Criminal Background
31,1,0,3,0.040128789,0,Student,Urban,No Criminal Background
20,0,1,1,0.844879677,1,Student,Rural,No Criminal Background
51,0,3,2,0.952716121,0,Unemployed,Rural,Criminal Background
50,1,1,2,0.46462527,0,Part-Time,Rural,Criminal Background
67,0,0,1,0.236951776,1,Part-Time,Urban,No Criminal Background
41,0,0,3,0.620963431,0,Student,Rural,Criminal Background
26,1,1,1,1,1,Part-Time,Rural,Criminal Background
30,1,0,4,0.372079462,1,Unemployed,Urban,Criminal Background
19,1,3,3,0.265092762,0,Part-Time,Rural,No Criminal Background
24,1,0,1,0.292882074,1,Student,Rural,Criminal Background
65,0,0,4,1,1,Student,Rural,No Criminal Background
38,1,3,4,0.413168453,0,Unemployed,Urban,No Criminal Background
36,1,1,3,0.004325088,0,Student,Urban,Criminal Background
42,1,0,0,0.902841795,0,Part-Time,Rural,Criminal Background
64,0,1,0,1,0,Unemployed,Urban,Criminal Background
39,0,3,4,0.148496346,0,Student,Rural,No Criminal Background
28,0,1,0,1,0,Unemployed,Rural,No Criminal Background
50,0,1,4,0.923038549,0,Unemployed,Urban,Criminal Background
49,0,2,0,0.55085744,0,Part-Time,Urban,Criminal Background
38,1,2,4,0.382219268,0,Part-Time,Urban,No Criminal Background
56,0,0,4,1,0,Employed,Rural,Criminal Background
37,0,2,4,0.324044494,0,Unemployed,Rural,No Criminal Background
25,0,2,4,0.363069388,1,Part-Time,Rural,Criminal Background
59,1,2,2,0.128531347,0,Student,Rural,Criminal Background
54,1,1,0,1,0,Employed,Urban,Criminal Background
26,0,1,4,0.825431303,0,Employed,Rural,No Criminal Background
42,1,2,1,0.669972786,0,Student,Urban,Criminal Background
42,0,3,3,0.252333348,0,Part-Time,Rural,Criminal Background
50,1,2,1,0.78628583,1,Unemployed,Rural,No Criminal Background
19,1,3,1,0.765458447,0,Employed,Urban,No Criminal Background
36,0,1,2,0.519654147,1,Student,Urban,No Criminal Background
63,1,3,0,0.925555951,0,Student,Rural,No Criminal Background
37,0,1,2,0.460403577,0,Student,Urban,No Criminal Background
59,0,3,0,0.875649923,1,Student,Rural,No Criminal Background
58,0,1,4,0.046749929,1,Employed,Rural,No Criminal Background
59,1,1,2,0.798637508,0,Unemployed,Rural,No Criminal Background
46,1,2,3,1,1,Part-Time,Rural,Criminal Background
23,0,0,0,1,0,Student,Urban,Criminal Background
34,0,0,2,0.309927836,1,Student,Urban,Criminal Background
42,1,1,3,0.609130746,0,Unemployed,Urban,Criminal Background
55,0,2,1,0.079667054,1,Unemployed,Urban,No Criminal Background
21,1,0,4,0.917008373,0,Part-Time,Rural,No Criminal Background
47,1,0,4,0.597000761,0,Employed,Rural,No Criminal Background
37,1,2,1,0.442865781,0,Unemployed,Urban,No Criminal Background
20,0,2,2,0.136452376,0,Employed,Urban,No Criminal Background
40,0,0,1,1,0,Employed,Urban,Criminal Background
68,1,0,3,0.55673,0,Student,Rural,Criminal Background
35,0,3,0,0.342342794,0,Employed,Urban,No Criminal Background
43,0,3,2,0.404498475,1,Student,Rural,Criminal Background
53,1,1,0,0.324836617,0,Student,Urban,No Criminal Background
25,1,0,1,0.601809809,1,Part-Time,Urban,No Criminal Background
34,0,2,4,1,0,Employed,Rural,Criminal Background
48,1,2,0,1,0,Unemployed,Rural,Criminal Background
54,0,0,0,0.582381807,0,Unemployed,Urban,No Criminal Background
62,1,1,4,1,0,Unemployed,Urban,Criminal Background
50,1,2,0,0.444260755,0,Part-Time,Rural,No Criminal Background
44,0,0,0,0.291414748,0,Student,Rural,No Criminal Background
62,0,0,4,1,0,Student,Rural,Criminal Background
21,0,1,4,0.484366395,0,Unemployed,Rural,No Criminal Background
39,0,0,1,0.373901487,0,Student,Rural,No Criminal Background
43,0,2,1,1,1,Student,Urban,Criminal Background
49,1,3,0,0.140623868,1,Part-Time,Rural,No Criminal Background
41,1,1,2,0.912640786,1,Employed,Urban,No Criminal Background
63,0,0,1,1,1,Employed,Rural,Criminal Background
52,1,1,1,0.644861693,0,Part-Time,Rural,Criminal Background
54,0,0,2,0.002773938,0,Part-Time,Urban,Criminal Background
49,1,3,2,0.375058944,1,Student,Urban,No Criminal Background
24,1,1,4,0.14057693,0,Part-Time,Rural,No Criminal Background
50,0,0,1,0.480696748,1,Student,Rural,Criminal Background
48,0,3,3,0.91248091,0,Employed,Rural,Criminal Background
29,0,2,3,0.482582704,0,Part-Time,Urban,No Criminal Background
28,1,0,0,0.431925121,0,Student,Urban,Criminal Background
41,0,3,1,0.70740103,1,Employed,Rural,No Criminal Background
25,0,3,3,0.639859643,1,Employed,Urban,No Criminal Background
49,0,1,1,1,1,Unemployed,Rural,Criminal Background
55,0,0,1,0.339190983,0,Employed,Urban,No Criminal Background
39,0,2,3,0.94903031,0,Part-Time,Rural,Criminal Background
51,0,0,1,0.65365348,0,Part-Time,Rural,No Criminal Background
36,1,3,2,0.315556027,1,Student,Rural,No Criminal Background
69,1,2,0,0.324638648,0,Part-Time,Urban,No Criminal Background
37,1,3,4,0.417113832,0,Employed,Rural,Criminal Background
31,1,1,3,0.784593486,0,Student,Rural,No Criminal Background
50,0,0,4,0.253892904,0,Employed,Urban,No Criminal Background
27,0,3,0,1,0,Unemployed,Urban,Criminal Background
33,1,3,2,0.603658213,0,Student,Rural,Criminal Background
21,1,0,2,1,0,Unemployed,Rural,No Criminal Background
44,1,2,2,0.048724577,1,Student,Rural,Criminal Background
45,0,3,2,0.395716133,0,Part-Time,Rural,No Criminal Background
60,0,0,3,0.027597269,0,Employed,Urban,No Criminal Background
33,0,1,3,0.415075117,0,Student,Rural,No Criminal Background
69,1,1,1,1,1,Part-Time,Urban,No Criminal Background
50,1,0,1,0.038440202,0,Part-Time,Rural,No Criminal Background
65,1,3,0,0.457954455,0,Part-Time,Rural,No Criminal Background
36,1,0,1,0.156158461,0,Unemployed,Rural,Criminal Background
38,1,0,0,0.416840659,0,Part-Time,Urban,No Criminal Background
39,0,3,0,0.922736743,1,Student,Urban,No Criminal Background
26,0,2,0,0.788184857,1,Unemployed,Urban,Criminal Background
26,0,2,2,0.850953579,0,Employed,Rural,No Criminal Background
26,0,1,4,0.460817432,0,Part-Time,Urban,No Criminal Background
44,0,2,4,1,0,Student,Rural,No Criminal Background
34,1,0,3,0.744725198,0,Student,Rural,No Criminal Background
61,0,3,0,0.560254282,1,Unemployed,Rural,Criminal Background
62,1,1,2,0.537345648,0,Employed,Rural,No Criminal Background
25,0,2,1,1,0,Unemployed,Rural,Criminal Background
33,1,0,1,0.665747421,1,Part-Time,Rural,Criminal Background
35,1,1,3,0.890037804,0,Employed,Rural,Criminal Background
50,1,3,3,0.437886986,0,Employed,Rural,No Criminal Background
18,1,2,0,0.223692765,0,Employed,Urban,No Criminal Background
29,1,0,0,0.873697845,0,Unemployed,Rural,Criminal Background
23,1,3,1,0.607823772,1,Student,Urban,Criminal Background
58,0,0,1,0.665908681,0,Unemployed,Rural,No Criminal Background
22,1,0,1,0.655221987,0,Student,Rural,No Criminal Background
33,1,0,1,0.27665533,0,Unemployed,Rural,No Criminal Background
35,0,3,4,0.916999206,0,Student,Rural,No Criminal Background
66,1,1,0,1,1,Student,Urban,No Criminal Background
35,0,0,0,0.980213459,0,Employed,Urban,Criminal Background
18,0,1,1,0.424295184,1,Student,Urban,Criminal Background
36,1,1,2,0.487206928,1,Part-Time,Urban,Criminal Background
25,1,2,1,0.8084023,1,Part-Time,Urban,No Criminal Background
20,0,2,3,0.654628844,1,Student,Urban,Criminal Background
42,1,1,2,0.690372199,0,Student,Rural,No Criminal Background
22,0,2,3,1,1,Student,Rural,Criminal Background
57,1,2,2,0.536024961,0,Student,Urban,No Criminal Background
36,0,1,3,0.679719057,0,Employed,Urban,Criminal Background
35,1,3,1,0.042018591,0,Part-Time,Urban,Criminal Background
67,1,2,1,0.072887807,0,Employed,Rural,No Criminal Background
48,0,2,2,0.008570456,0,Part-Time,Rural,No Criminal Background
50,0,3,3,1,0,Student,Rural,Criminal Background
64,0,3,4,0.471686592,0,Part-Time,Rural,Criminal Background
35,0,3,2,0.595307228,0,Part-Time,Rural,No Criminal Background
56,1,1,2,1,0,Unemployed,Urban,No Criminal Background
33,0,3,0,0.809231412,1,Unemployed,Rural,No Criminal Background
33,0,1,2,0.804542107,0,Student,Urban,Criminal Background
64,1,0,4,0.311361151,0,Employed,Rural,Criminal Background
55,1,0,1,0.95899463,0,Unemployed,Urban,No Criminal Background
58,0,3,3,0.210686985,0,Student,Rural,Criminal Background
24,1,3,0,0.055807072,0,Employed,Rural,No Criminal Background
31,0,0,3,0.25449716,0,Unemployed,Rural,Criminal Background
60,1,1,1,0.337348896,0,Part-Time,Rural,No Criminal Background
65,0,1,2,0.449975595,0,Unemployed,Rural,No Criminal Background
42,1,3,4,0.670513599,0,Student,Urban,Criminal Background
49,0,3,0,0.289325508,1,Unemployed,Rural,No Criminal Background
55,0,3,4,0.898771393,0,Unemployed,Rural,No Criminal Background
39,1,0,4,0.095688782,1,Employed,Rural,Criminal Background
33,1,2,4,0.154562584,1,Employed,Rural,Criminal Background
69,0,3,4,0.587688773,0,Part-Time,Rural,Criminal Background
46,0,1,1,1,1,Student,Rural,Criminal Background
33,1,2,4,0.902545968,1,Part-Time,Rural,No Criminal Background
29,1,1,4,1,0,Part-Time,Rural,No Criminal Background
34,1,2,1,0.785453471,0,Unemployed,Rural,No Criminal Background
54,1,0,3,0.743396353,0,Part-Time,Urban,No Criminal Background
44,1,2,1,0.625022999,0,Employed,Urban,No Criminal Background
42,1,1,2,0.784751843,0,Part-Time,Rural,Criminal Background
30,1,2,1,0.169923999,1,Student,Rural,Criminal Background
25,1,0,3,0.570925904,1,Part-Time,Rural,No Criminal Background
22,1,1,2,0.535090156,0,Student,Rural,Criminal Background
29,0,3,2,0.511130484,1,Student,Rural,Criminal Background
58,1,2,0,0.57596063,1,Part-Time,Urban,Criminal Background
20,1,1,4,0.161779176,0,Part-Time,Rural,Criminal Background
52,0,2,2,0.395436507,0,Part-Time,Urban,Criminal Background
50,0,0,2,0.080612667,0,Student,Rural,No Criminal Background
39,0,1,3,1,1,Employed,Rural,Criminal Background
67,0,3,2,0.157434854,1,Unemployed,Rural,No Criminal Background
61,0,3,3,0.298596073,0,Part-Time,Rural,No Criminal Background
26,0,2,4,1,0,Unemployed,Urban,No Criminal Background
58,1,0,0,0.530981051,1,Part-Time,Urban,No Criminal Background
35,0,0,0,0.164121014,1,Student,Urban,No Criminal Background
67,0,2,4,0.422653592,0,Student,Urban,Criminal Background
46,0,1,4,0.175887615,0,Unemployed,Urban,No Criminal Background
56,1,1,1,0.252272156,1,Employed,Rural,No Criminal Background
44,0,2,2,0.060094473,0,Student,Rural,No Criminal Background
53,1,1,2,0.604753942,0,Unemployed,Urban,Criminal Background
62,0,1,2,1,1,Student,Rural,Criminal Background
34,0,1,3,0.812153282,0,Part-Time,Rural,Criminal Background
51,1,2,1,0.732161956,1,Unemployed,Rural,Criminal Background
63,1,3,2,0.230671635,0,Unemployed,Urban,No Criminal Background
20,0,0,3,0.378283228,0,Part-Time,Urban,No Criminal Background
22,1,3,3,0.972028419,0,Unemployed,Urban,No Criminal Background
31,1,1,0,0.105427421,0,Part-Time,Urban,No Criminal Background
20,0,2,3,0.990909905,0,Employed,Rural,No Criminal Background
40,0,0,4,0.55866198,0,Part-Time,Rural,Criminal Background
56,0,1,3,1,0,Employed,Rural,No Criminal Background
47,1,0,4,0.383992751,1,Unemployed,Rural,Criminal Background
67,0,0,4,0.391363609,0,Part-Time,Rural,No Criminal Background
62,0,3,0,1,0,Unemployed,Rural,Criminal Background
40,1,1,0,0.941995408,0,Employed,Urban,Criminal Background
44,1,0,3,0.265239603,0,Student,Rural,Criminal Background
27,0,3,0,1,0,Student,Rural,No Criminal Background
42,1,2,0,0.088714609,0,Student,Rural,Criminal Background
30,0,0,2,0.079120922,1,Student,Rural,No Criminal Background
33,1,1,3,0.750335311,0,Student,Rural,No Criminal Background
58,0,2,3,0.795014845,0,Employed,Urban,Criminal Background
51,1,0,3,1,0,Student,Rural,Criminal Background
54,1,0,0,0.467712377,0,Student,Rural,Criminal Background
39,1,1,0,0.034902144,0,Unemployed,Urban,Criminal Background
34,1,0,4,0.602896339,1,Part-Time,Urban,No Criminal Background
40,0,1,1,0.401518685,0,Part-Time,Rural,No Criminal Background
53,1,1,1,0.545513373,0,Part-Time,Rural,No Criminal Background
66,0,1,1,0.644779717,0,Part-Time,Urban,Criminal Background
26,1,1,2,0.089414478,1,Employed,Rural,Criminal Background
69,1,0,0,0.485981785,0,Part-Time,Urban,Criminal Background
19,0,2,4,0.593223816,0,Unemployed,Urban,Criminal Background
49,1,2,4,0.712544265,0,Employed,Urban,No Criminal Background
67,1,3,1,0.677949207,1,Student,Rural,No Criminal Background
39,0,1,2,0.309273206,0,Unemployed,Urban,No Criminal Background
60,1,0,2,0.260765732,0,Unemployed,Urban,Criminal Background
30,0,0,1,0.289912136,1,Student,Rural,Criminal Background
25,1,3,1,0.17895044,0,Student,Urban,Criminal Background
18,1,2,0,0.75579518,0,Unemployed,Urban,Criminal Background
34,1,0,2,1,0,Employed,Rural,Criminal Background
29,0,3,4,0.753185133,1,Student,Rural,No Criminal Background
21,1,2,1,0.700717186,0,Part-Time,Rural,Criminal Background
30,1,0,0,0.49498798,0,Unemployed,Rural,No Criminal Background
48,1,1,4,0.452928795,1,Unemployed,Rural,Criminal Background
58,1,3,2,0.956627445,0,Student,Rural,No Criminal Background
24,1,0,1,1,0,Student,Rural,Criminal Background
40,1,3,1,0.573776483,1,Part-Time,Rural,Criminal Background
41,1,3,0,0.30471052,0,Part-Time,Rural,No Criminal Background
22,1,3,0,0.88949115,0,Part-Time,Rural,Criminal Background
22,1,1,2,0.183585112,0,Part-Time,Rural,Criminal Background
34,0,2,1,1,0,Unemployed,Rural,Criminal Background
47,1,2,0,0.859895793,1,Student,Rural,No Criminal Background
26,0,0,1,0.158690462,0,Employed,Rural,Criminal Background
23,0,1,2,1,0,Student,Urban,Criminal Background
42,0,2,1,1,1,Student,Rural,Criminal Background
36,1,0,4,1,0,Part-Time,Rural,Criminal Background
33,0,0,1,0.54563829,0,Part-Time,Urban,Criminal Background
38,0,3,3,0.342412169,0,Unemployed,Urban,No Criminal Background
19,0,1,3,0.768252251,0,Part-Time,Urban,No Criminal Background
27,1,2,2,0.50707011,0,Unemployed,Rural,No Criminal Background
33,0,1,2,0.299037432,0,Student,Urban,No Criminal Background
54,1,1,2,0.587215504,0,Student,Rural,Criminal Background
32,0,2,4,0.76679276,0,Student,Rural,Criminal Background
30,0,2,4,0.089705338,0,Unemployed,Urban,No Criminal Background
30,1,1,1,0.506128526,0,Unemployed,Urban,No Criminal Background
49,1,0,0,0.020464124,0,Unemployed,Urban,No Criminal Background
62,0,1,3,1,0,Part-Time,Rural,No Criminal Background
64,0,2,3,0.704760394,0,Employed,Urban,No Criminal Background
63,0,1,3,0.082727218,0,Part-Time,Urban,Criminal Background
25,1,2,1,0.96473756,0,Employed,Urban,No Criminal Background
60,1,0,1,0.024883713,0,Part-Time,Urban,Criminal Background
35,0,1,2,0.856622859,0,Student,Urban,Criminal Background
53,0,0,0,0.982104839,0,Unemployed,Urban,No Criminal Background
43,1,1,2,1,0,Part-Time,Urban,Criminal Background
27,1,1,1,0.047313487,1,Unemployed,Urban,Criminal Background
48,0,2,4,1,1,Part-Time,Rural,Criminal Background
50,1,3,2,0.918451672,0,Student,Urban,Criminal Background
46,0,2,1,0.745666763,0,Unemployed,Rural,No Criminal Background
22,1,1,1,0.636349823,0,Student,Urban,Criminal Background
30,0,3,4,0.057004112,1,Employed,Rural,Criminal Background
18,0,3,4,0.74641559,1,Unemployed,Rural,No Criminal Background
40,0,0,4,0.472832839,0,Part-Time,Rural,No Criminal Background
57,1,1,0,1,1,Unemployed,Urban,No Criminal Background
20,0,2,1,0.46648552,0,Employed,Rural,Criminal Background
20,0,3,4,0.868489449,0,Employed,Rural,No Criminal Background
24,1,3,0,0.101408146,1,Part-Time,Urban,Criminal Background
53,0,2,3,0.160872248,0,Student,Urban,No Criminal Background
52,0,2,3,0.185570061,1,Unemployed,Rural,Criminal Background
32,0,3,3,0.05007805,0,Student,Urban,No Criminal Background
57,1,2,1,0.541328859,0,Student,Urban,No Criminal Background
20,1,0,0,0.793967726,0,Part-Time,Urban,Criminal Background
46,1,3,0,0.737071528,0,Unemployed,Rural,No Criminal Background
47,1,0,3,0.60370263,0,Employed,Rural,No Criminal Background
56,0,1,2,0.898423585,0,Part-Time,Urban,Criminal Background
35,1,0,3,0.392290348,0,Student,Rural,No Criminal Background
28,1,2,1,0.361954072,0,Employed,Urban,No Criminal Background
60,1,3,3,0.314270098,1,Student,Urban,Criminal Background
66,0,0,3,0.99089958,0,Unemployed,Urban,Criminal Background
55,0,2,0,0.177804369,0,Student,Urban,No Criminal Background
57,0,2,3,0.015760589,0,Employed,Urban,No Criminal Background
18,1,0,4,0.719907209,0,Unemployed,Rural,Criminal Background
46,0,3,4,1,0,Part-Time,Urban,Criminal Background
27,0,0,2,0.703866144,0,Student,Rural,No Criminal Background
45,1,1,1,1,0,Unemployed,Urban,Criminal Background
48,0,0,1,0.851080247,0,Unemployed,Urban,No Criminal Background
36,1,0,0,0.574539335,0,Part-Time,Rural,No Criminal Background
20,1,3,1,0.754312022,1,Part-Time,Rural,Criminal Background
53,0,0,2,0.951840263,0,Employed,Rural,Criminal Background
60,1,2,4,0.27136346,1,Unemployed,Rural,Criminal Background
32,1,3,0,0.386550053,0,Unemployed,Urban,Criminal Background
50,1,2,4,0.223725733,0,Employed,Urban,No Criminal Background
58,1,3,2,0.474781603,0,Student,Rural,Criminal Background
60,1,1,0,1,1,Unemployed,Rural,No Criminal Background
68,1,1,3,0.500205089,0,Unemployed,Rural,No Criminal Background
62,0,1,1,0.519011108,0,Student,Rural,No Criminal Background
43,1,0,2,0.903385596,0,Part-Time,Rural,No Criminal Background
33,1,1,0,0.649371657,0,Part-Time,Rural,No Criminal Background
53,1,3,4,0.56222145,1,Part-Time,Rural,Criminal Background
50,1,1,0,1,1,Employed,Rural,Criminal Background
37,0,3,3,0.593537352,1,Student,Urban,No Criminal Background
30,0,2,2,0.749713288,0,Part-Time,Urban,Criminal Background
50,1,0,0,0.089926899,1,Employed,Rural,Criminal Background
22,0,2,2,0.196494884,0,Student,Urban,No Criminal Background
54,1,2,2,0.424595011,0,Part-Time,Rural,No Criminal Background
31,1,1,4,0.682877914,1,Unemployed,Urban,Criminal Background
44,1,1,1,1,0,Unemployed,Rural,No Criminal Background
40,1,1,3,1,0,Part-Time,Urban,Criminal Background
31,0,2,0,1,0,Part-Time,Rural,Criminal Background
57,0,0,1,0.381874591,0,Employed,Urban,No Criminal Background
21,1,0,4,1,0,Unemployed,Urban,Criminal Background
56,1,2,1,0.723807908,0,Student,Rural,Criminal Background
69,0,0,2,0.432234141,1,Part-Time,Urban,No Criminal Background
36,0,2,2,0.84902665,1,Student,Urban,No Criminal Background
64,1,2,3,0.01652273,1,Part-Time,Urban,Criminal Background
21,0,0,0,0.184885673,0,Unemployed,Urban,No Criminal Background
47,1,3,0,0.871169997,1,Part-Time,Rural,Criminal Background
36,0,3,4,0.745637551,1,Student,Rural,No Criminal Background
48,0,1,3,0.580489934,0,Unemployed,Rural,No Criminal Background
48,0,0,0,0.605806635,0,Part-Time,Urban,Criminal Background
26,0,1,2,1,0,Unemployed,Rural,Criminal Background
30,1,2,3,0.631578109,0,Employed,Urban,Criminal Background
31,1,3,1,0.398149284,0,Student,Urban,No Criminal Background
63,0,0,3,0.132359323,0,Part-Time,Urban,Criminal Background
27,1,0,3,0.308434142,0,Part-Time,Rural,No Criminal Background
65,0,0,0,1,0,Part-Time,Rural,No Criminal Background
48,0,3,4,0.529209306,0,Student,Urban,Criminal Background
54,1,1,4,0.566207357,1,Employed,Urban,Criminal Background
40,1,3,0,0.523527934,1,Student,Rural,No Criminal Background
44,1,1,0,1,0,Part-Time,Urban,Criminal Background
23,0,2,0,0.664321113,0,Student,Urban,No Criminal Background
43,1,2,4,0.728360888,0,Part-Time,Rural,No Criminal Background
19,1,1,0,0.53972717,0,Student,Rural,No Criminal Background
62,1,2,1,0.033450761,0,Unemployed,Urban,Criminal Background
30,1,2,1,0.97752156,1,Student,Rural,No Criminal Background
68,0,0,2,1,0,Part-Time,Urban,No Criminal Background
67,0,0,1,1,1,Part-Time,Urban,Criminal Background
36,0,3,3,1,1,Student,Rural,Criminal Background
18,0,3,2,0.986442749,0,Student,Urban,Criminal Background
57,0,3,1,0.909314704,0,Unemployed,Rural,No Criminal Background
49,0,0,3,0.975408956,0,Employed,Rural,Criminal Background
39,0,3,1,0.693630906,0,Employed,Rural,No Criminal Background
65,1,3,3,0.169977562,0,Unemployed,Urban,No Criminal Background
46,0,0,0,0.451856981,1,Employed,Rural,No Criminal Background
19,0,1,3,1,1,Employed,Urban,Criminal Background
57,0,0,0,0.386251595,1,Part-Time,Urban,No Criminal Background
55,0,1,3,1,0,Part-Time,Rural,No Criminal Background
65,1,0,3,0.102532618,0,Part-Time,Urban,Criminal Background
28,0,3,1,0.385982338,0,Student,Rural,No Criminal Background
34,0,2,3,0.40535109,0,Student,Rural,Criminal Background
68,1,2,1,0.05418267,0,Employed,Rural,Criminal Background
60,0,1,3,0.157204516,0,Student,Urban,Criminal Background
25,0,1,4,0.294499681,0,Part-Time,Rural,Criminal Background
39,0,1,2,1,1,Student,Rural,No Criminal Background
21,0,2,1,0.073229298,1,Employed,Rural,No Criminal Background
28,0,1,1,0.39428519,0,Part-Time,Urban,No Criminal Background
25,0,0,0,0.011192503,1,Employed,Urban,No Criminal Background
26,0,0,4,0.803450046,0,Student,Rural,Criminal Background
43,1,2,0,0.749015981,0,Unemployed,Rural,No Criminal Background
19,1,0,4,0.778816081,1,Unemployed,Rural,Criminal Background
33,0,1,4,0.543603803,0,Part-Time,Urban,No Criminal Background
48,1,2,3,0.208267821,1,Employed,Urban,No Criminal Background
23,0,1,0,1,0,Unemployed,Urban,Criminal Background
38,1,0,2,0.979424831,1,Unemployed,Rural,No Criminal Background
43,0,1,4,0.201249375,1,Part-Time,Urban,No Criminal Background
36,1,2,4,0.511170899,0,Part-Time,Rural,Criminal Background
45,0,1,1,0.3283047,0,Employed,Urban,No Criminal Background
25,1,0,3,0.223287938,0,Unemployed,Rural,No Criminal Background
31,1,3,2,0.734325313,0,Employed,Urban,No Criminal Background
41,0,2,4,0.651097292,0,Employed,Urban,Criminal Background
65,0,1,1,0.285364639,1,Part-Time,Urban,Criminal Background
61,1,2,0,0.310000011,0,Employed,Urban,No Criminal Background
54,1,1,4,1,1,Student,Rural,No Criminal Background
43,0,3,1,1,1,Employed,Rural,No Criminal Background
48,1,0,0,1,0,Unemployed,Rural,Criminal Background
68,0,1,3,0.607215968,0,Employed,Urban,No Criminal Background
49,1,1,0,0.785997153,0,Student,Rural,Criminal Background
67,1,3,4,0.37676774,0,Student,Urban,Criminal Background
58,0,2,2,0.108136214,0,Unemployed,Urban,No Criminal Background
19,0,0,0,0.507352678,0,Unemployed,Urban,Criminal Background
42,0,1,2,0.823257324,0,Employed,Rural,Criminal Background
69,1,1,2,0.344573125,0,Student,Urban,Criminal Background
61,1,0,0,0.847950575,1,Student,Urban,Criminal Background
19,1,3,3,0.166210175,1,Employed,Urban,Criminal Background
59,0,2,0,0.464418298,0,Unemployed,Urban,No Criminal Background
18,1,0,1,0.131149101,0,Student,Rural,Criminal Background
53,1,2,2,0.425073741,1,Employed,Rural,Criminal Background
29,0,3,4,0.052680128,1,Unemployed,Rural,Criminal Background
26,1,3,2,0.314794551,0,Employed,Rural,Criminal Background
53,1,0,4,0.532276603,0,Unemployed,Rural,Criminal Background
58,0,1,1,0.725855021,0,Unemployed,Urban,No Criminal Background
45,0,3,1,0.627969294,0,Student,Rural,No Criminal Background
55,0,3,1,0.317614755,0,Part-Time,Rural,Criminal Background
50,0,0,0,0.604112741,0,Student,Rural,No Criminal Background
59,0,0,2,0.646690372,0,Employed,Rural,Criminal Background
63,0,0,4,0.419963496,0,Unemployed,Rural,No Criminal Background
39,0,3,1,0.913220364,0,Student,Urban,No Criminal Background
42,0,2,1,0.724747826,0,Unemployed,Rural,Criminal Background
35,0,3,4,0.365496691,1,Student,Urban,Criminal Background
23,1,0,2,0.994705438,0,Employed,Rural,Criminal Background
35,0,1,2,1,1,Employed,Urban,Criminal Background
69,0,1,4,1,0,Employed,Urban,No Criminal Background
33,1,0,3,0.726845568,0,Student,Rural,Criminal Background
32,0,1,2,0.524216947,0,Part-Time,Rural,No Criminal Background
65,1,3,4,0.2949037,0,Employed,Rural,Criminal Background
25,1,2,4,0.663317844,0,Student,Urban,Criminal Background
30,0,3,1,1,0,Part-Time,Urban,No Criminal Background
60,1,0,4,0.658050834,1,Student,Rural,Criminal Background
24,0,3,0,1,1,Student,Urban,Criminal Background
34,0,1,1,0.456137355,0,Employed,Rural,No Criminal Background
67,1,3,1,0.406953782,1,Part-Time,Urban,No Criminal Background
49,1,2,2,0.951589002,0,Student,Rural,Criminal Background
39,1,1,3,0.908240042,0,Student,Urban,No Criminal Background
68,0,2,2,1,0,Student,Rural,Criminal Background
30,0,2,0,0.852240631,0,Student,Urban,No Criminal Background
64,1,2,1,0.448515707,0,Employed,Urban,Criminal Background
40,0,3,1,0.613383563,0,Student,Rural,No Criminal Background
46,0,3,4,1,0,Part-Time,Urban,No Criminal Background
39,1,3,3,0.634393747,0,Unemployed,Urban,No Criminal Background
18,1,3,3,0.294983967,0,Part-Time,Rural,Criminal Background
46,1,1,4,0.548880964,0,Student,Rural,Criminal Background
65,1,3,0,0.542131788,0,Student,Rural,Criminal Background
22,1,1,3,0.1160638,0,Part-Time,Urban,No Criminal Background
52,1,2,1,0.855327075,1,Unemployed,Urban,No Criminal Background
27,1,1,0,0.137785956,0,Employed,Rural,No Criminal Background
36,1,0,2,0.46565537,0,Unemployed,Urban,No Criminal Background
54,1,3,2,0.925315808,0,Unemployed,Urban,Criminal Background
24,1,0,0,0.537705916,1,Unemployed,Urban,No Criminal Background
63,0,1,1,1,0,Part-Time,Rural,No Criminal Background
52,0,3,2,0.499514253,0,Unemployed,Rural,Criminal Background
62,1,0,1,1,0,Employed,Rural,Criminal Background
30,0,3,4,0.241936039,1,Student,Rural,No Criminal Background
27,0,1,3,0.055559539,0,Part-Time,Urban,No Criminal Background
19,0,0,0,1,0,Part-Time,Rural,No Criminal Background
23,0,1,3,1,0,Unemployed,Rural,Criminal Background
25,0,0,4,0.280700443,0,Student,Urban,No Criminal Background
53,0,2,2,1,0,Student,Rural,No Criminal Background
42,1,2,1,0.552508142,1,Student,Urban,No Criminal Background
61,1,2,1,1,0,Part-Time,Urban,Criminal Background
64,0,2,4,0.611084813,0,Employed,Urban,No Criminal Background
57,0,2,0,0.57096825,0,Student,Urban,Criminal Background
24,1,1,3,0.538966245,0,Part-Time,Urban,Criminal Background
63,0,2,2,0.489277894,0,Unemployed,Rural,Criminal Background
40,0,1,0,0.704485976,0,Student,Urban,Criminal Background
36,0,2,4,0.60110573,0,Unemployed,Rural,Criminal Background
63,0,3,4,0.042442643,0,Student,Rural,No Criminal Background
39,0,2,1,0.362395627,0,Unemployed,Urban,No Criminal Background
30,1,3,2,0.2131228,1,Part-Time,Urban,Criminal Background
38,1,1,0,1,0,Unemployed,Rural,Criminal Background
18,0,2,1,0.658756975,1,Part-Time,Urban,No Criminal Background
36,1,0,2,0.922147344,0,Unemployed,Rural,Criminal Background
50,0,1,3,1,0,Unemployed,Urban,No Criminal Background
21,0,2,3,0.81470968,0,Unemployed,Urban,No Criminal Background
59,0,1,1,1,0,Student,Urban,Criminal Background
20,0,0,0,0.36008748,0,Employed,Rural,No Criminal Background
44,0,2,2,0.225383291,1,Employed,Urban,No Criminal Background
69,0,0,3,0.443640877,1,Student,Urban,No Criminal Background
58,0,2,3,0.687873255,0,Unemployed,Rural,Criminal Background
52,0,3,0,1,1,Unemployed,Rural,No Criminal Background
45,0,1,1,0.776077449,0,Student,Rural,No Criminal Background
23,1,0,4,0.292180999,1,Part-Time,Urban,No Criminal Background
23,0,1,2,1,0,Part-Time,Rural,Criminal Background
61,1,0,3,0.531123534,1,Student,Rural,Criminal Background
40,1,1,4,0.224714876,0,Employed,Rural,Criminal Background
50,0,1,0,0.76140212,1,Part-Time,Urban,Criminal Background
33,1,1,1,1,0,Student,Urban,No Criminal Background
41,0,3,2,0.926884879,0,Part-Time,Urban,No Criminal Background
22,0,2,0,0.677765518,0,Student,Rural,No Criminal Background
58,0,3,1,0.414791491,1,Part-Time,Urban,No Criminal Background
59,0,1,0,0.114811951,0,Part-Time,Urban,Criminal Background
30,1,0,3,0.493131369,0,Student,Rural,Criminal Background
64,1,1,3,0.902495325,0,Employed,Urban,Criminal Background
29,0,2,4,0.396301092,1,Employed,Urban,No Criminal Background
22,1,3,0,0.247219167,0,Part-Time,Rural,Criminal Background
54,1,2,3,0.977948705,0,Part-Time,Rural,Criminal Background
48,1,0,1,0.862633485,1,Employed,Rural,No Criminal Background
45,0,2,4,0.73720834,0,Student,Rural,No Criminal Background
45,1,3,2,0.165165888,0,Unemployed,Rural,No Criminal Background
47,1,0,0,0.152154282,0,Part-Time,Rural,Criminal Background
35,1,2,3,0.124637657,1,Unemployed,Rural,No Criminal Background
61,0,3,1,0.71182265,0,Part-Time,Rural,Criminal Background
44,1,3,0,0.127119076,0,Employed,Urban,Criminal Background
52,1,1,1,1,1,Student,Urban,No Criminal Background
43,0,2,4,1,0,Part-Time,Urban,Criminal Background
56,1,0,3,0.421300412,1,Unemployed,Urban,Criminal Background
66,0,1,3,0.598844198,0,Employed,Urban,No Criminal Background
68,0,2,4,0.821975589,0,Part-Time,Rural,Criminal Background
35,0,2,1,1,0,Student,Rural,Criminal Background
50,0,0,0,1,0,Part-Time,Rural,Criminal Background
42,0,1,1,0.076021214,0,Student,Urban,No Criminal Background
48,0,1,0,0.245492257,0,Student,Urban,Criminal Background
54,1,0,4,0.792327058,1,Employed,Rural,No Criminal Background
19,0,1,2,0.954805848,0,Part-Time,Rural,No Criminal Background
50,1,3,0,0.146540453,1,Student,Urban,Criminal Background
56,1,0,3,0.502064582,0,Employed,Urban,No Criminal Background
60,0,2,3,0.901840899,0,Part-Time,Rural,Criminal Background
60,1,0,3,0.218780682,1,Student,Urban,No Criminal Background
49,1,3,1,0.958416399,0,Employed,Urban,No Criminal Background
35,1,0,1,0.055620364,1,Part-Time,Rural,Criminal Background
34,0,2,1,0.903435323,0,Student,Rural,No Criminal Background
51,1,2,3,0.6158189,0,Employed,Urban,Criminal Background
56,1,0,0,0.330959314,0,Employed,Rural,Criminal Background
24,0,0,3,0.832677093,0,Part-Time,Rural,Criminal Background
59,1,3,0,0.782365795,0,Employed,Urban,Criminal Background
52,1,3,1,1,1,Part-Time,Urban,Criminal Background
47,1,2,2,0.386163406,0,Part-Time,Rural,No Criminal Background
29,0,1,1,0.905542091,0,Student,Urban,Criminal Background
52,1,1,4,0.759296509,1,Part-Time,Rural,Criminal Background
28,1,1,0,0.661759648,1,Employed,Rural,Criminal Background
61,0,1,2,1,0,Part-Time,Urban,Criminal Background
21,0,2,1,0.004024073,0,Student,Rural,No Criminal Background
42,0,1,2,0.37238732,0,Employed,Urban,No Criminal Background
65,1,1,3,0.645932687,0,Student,Urban,No Criminal Background
49,0,0,0,0.248095074,0,Unemployed,Urban,No Criminal Background
37,0,1,4,1,1,Student,Urban,Criminal Background
67,0,0,3,0.860168215,0,Unemployed,Rural,Criminal Background
48,1,2,2,0.577043716,0,Unemployed,Rural,Criminal Background
21,0,0,1,0.940980532,1,Part-Time,Rural,Criminal Background
55,0,3,0,0.495974811,0,Employed,Urban,Criminal Background
64,0,0,4,0.645244229,1,Part-Time,Rural,Criminal Background
18,0,1,1,0.00381288,0,Employed,Rural,Criminal Background
20,0,0,4,0.402270583,0,Student,Urban,Criminal Background
54,1,0,0,0.175569948,1,Unemployed,Urban,Criminal Background
39,1,2,2,0.832799082,0,Unemployed,Rural,Criminal Background
34,0,2,4,0.699894314,1,Unemployed,Rural,No Criminal Background
31,0,1,0,0.398319976,0,Student,Urban,No Criminal Background
58,0,3,4,0.514615573,1,Student,Urban,Criminal Background
52,1,3,1,0.209629888,0,Part-Time,Urban,Criminal Background
30,1,0,4,0.971340964,0,Part-Time,Rural,No Criminal Background
52,1,3,1,0.056671264,0,Employed,Rural,Criminal Background
60,1,2,1,0.865417035,0,Employed,Urban,Criminal Background
19,0,1,0,0.776242641,0,Unemployed,Urban,Criminal Background
64,0,1,3,0.857859844,0,Student,Rural,Criminal Background
30,0,2,4,0.332866183,0,Student,Urban,Criminal Background
68,0,1,2,1,0,Part-Time,Urban,No Criminal Background
33,1,0,1,0.281850959,1,Part-Time,Urban,Criminal Background
35,0,1,3,0.897803394,0,Employed,Rural,No Criminal Background
24,1,3,1,1,0,Employed,Rural,Criminal Background
62,1,1,3,1,0,Part-Time,Urban,Criminal Background
53,0,1,3,0.743353138,0,Part-Time,Rural,Criminal Background
58,1,2,2,0.990374523,1,Student,Urban,No Criminal Background
47,1,2,3,0.81008219,0,Employed,Rural,No Criminal Background
59,0,3,2,0.241048981,0,Part-Time,Rural,Criminal Background
58,1,2,0,0.40559621,0,Part-Time,Urban,No Criminal Background
24,1,3,1,0.423134068,1,Unemployed,Urban,No Criminal Background
32,0,0,2,0.397335833,0,Part-Time,Rural,No Criminal Background
57,1,3,1,0.798479261,1,Part-Time,Rural,Criminal Background
36,1,1,4,0.771227064,0,Student,Urban,No Criminal Background
60,0,3,0,0.041901983,1,Part-Time,Urban,No Criminal Background
54,1,0,4,0.877448484,0,Employed,Urban,No Criminal Background
19,0,1,4,0.495590195,1,Unemployed,Urban,Criminal Background
59,1,3,3,1,0,Student,Urban,No Criminal Background
65,1,2,3,1,0,Employed,Rural,No Criminal Background
30,0,2,4,1,1,Unemployed,Urban,Criminal Background
57,0,2,3,1,0,Unemployed,Urban,Criminal Background
58,1,3,1,0.220613332,0,Part-Time,Urban,Criminal Background
60,0,3,3,0.707469442,1,Unemployed,Rural,No Criminal Background
60,1,0,4,0.270845422,0,Unemployed,Rural,Criminal Background
48,0,1,3,0.359910181,0,Part-Time,Rural,Criminal Background
33,1,1,3,0.733142123,0,Student,Urban,No Criminal Background
59,1,1,2,0.049000254,0,Part-Time,Urban,Criminal Background
61,1,1,2,1,1,Student,Rural,No Criminal Background
23,1,3,4,1,0,Unemployed,Rural,Criminal Background
45,1,3,1,0.380767572,0,Employed,Urban,Criminal Background
49,0,0,0,0.595312927,0,Student,Rural,No Criminal Background
61,0,1,0,0.710645667,0,Student,Rural,No Criminal Background
27,1,3,4,0.882199779,1,Student,Urban,No Criminal Background
67,1,3,1,0.72303197,1,Student,Rural,No Criminal Background
35,0,3,1,0.386991801,0,Unemployed,Urban,Criminal Background
21,0,3,1,0.516101649,0,Employed,Rural,Criminal Background
26,0,1,2,0.594546842,1,Student,Rural,No Criminal Background
24,0,1,4,1,0,Employed,Urban,Criminal Background
67,0,3,0,0.232856717,0,Unemployed,Rural,No Criminal Background
25,1,2,1,0.098533971,0,Student,Urban,Criminal Background
60,1,0,4,0.924649774,0,Employed,Rural,No Criminal Background
24,0,1,0,1,1,Student,Rural,No Criminal Background
58,0,1,2,1,0,Student,Urban,No Criminal Background
57,0,2,3,0.646385798,1,Unemployed,Urban,No Criminal Background
20,0,1,0,0.914405778,0,Student,Rural,Criminal Background
34,0,2,0,0.619699352,0,Employed,Urban,No Criminal Background
19,0,2,0,0.076392609,1,Employed,Urban,No Criminal Background
32,0,3,3,0.829104259,1,Unemployed,Urban,Criminal Background
63,0,1,1,0.017970674,1,Part-Time,Urban,Criminal Background
46,0,0,3,0.375360458,0,Part-Time,Rural,No Criminal Background
67,1,2,0,1,1,Unemployed,Rural,Criminal Background
65,0,0,2,0.384617266,0,Unemployed,Urban,Criminal Background
69,0,3,0,1,0,Part-Time,Rural,No Criminal Background
39,1,1,2,0.315168786,0,Part-Time,Rural,No Criminal Background
21,1,3,4,0.330290352,0,Employed,Rural,No Criminal Background
69,1,3,2,0.659827871,1,Employed,Rural,Criminal Background
23,0,0,0,0.967647069,0,Employed,Rural,Criminal Background
55,0,0,3,0.579102872,0,Part-Time,Rural,Criminal Background
43,0,2,0,1,0,Unemployed,Urban,No Criminal Background
28,0,1,0,0.055773224,0,Student,Rural,No Criminal Background
43,1,3,4,0.968304581,0,Employed,Rural,Criminal Background
34,0,2,1,0.237532438,0,Student,Urban,No Criminal Background
41,0,2,0,1,0,Unemployed,Urban,Criminal Background
45,1,3,4,0.420906338,0,Part-Time,Rural,Criminal Background
52,0,3,3,0.9618344,1,Employed,Rural,No Criminal Background
48,0,2,4,0.77577371,0,Part-Time,Rural,No Criminal Background
30,0,3,4,0.257063921,0,Unemployed,Rural,Criminal Background
52,0,3,2,1,1,Employed,Urban,No Criminal Background
33,1,0,1,0.282344999,0,Unemployed,Urban,No Criminal Background
32,1,1,1,0.336913364,1,Unemployed,Urban,No Criminal Background
60,1,2,3,0.814178897,0,Employed,Urban,No Criminal Background
35,1,3,4,0.105873256,1,Student,Urban,No Criminal Background
64,0,2,3,0.244239497,0,Employed,Urban,No Criminal Background
54,0,1,3,0.698097117,0,Part-Time,Rural,Criminal Background
65,0,2,1,0.959200968,0,Student,Rural,No Criminal Background
65,1,2,1,0.154858173,0,Employed,Rural,Criminal Background
66,1,2,1,0.547668235,1,Employed,Urban,Criminal Background
58,1,0,0,0.821482884,0,Employed,Rural,Criminal Background
44,0,1,4,1,0,Employed,Urban,No Criminal Background
52,0,1,3,1,0,Employed,Urban,Criminal Background
69,1,2,4,0.82387191,1,Part-Time,Rural,No Criminal Background
62,1,2,3,0.86711932,1,Unemployed,Rural,Criminal Background
52,0,1,3,0.600997438,0,Part-Time,Rural,Criminal Background
45,0,3,3,0.148910312,0,Unemployed,Rural,Criminal Background
56,0,0,3,0.858782003,0,Employed,Urban,No Criminal Background
55,1,1,2,1,0,Part-Time,Rural,Criminal Background
26,1,2,2,0.847274684,0,Unemployed,Urban,Criminal Background
29,1,3,0,0.019217758,0,Unemployed,Urban,No Criminal Background
32,1,3,1,0.573180275,1,Employed,Rural,Criminal Background
38,0,3,3,0.743722425,1,Employed,Urban,Criminal Background
69,0,0,4,0.876231073,0,Student,Rural,Criminal Background
52,0,0,2,0.791698419,0,Student,Urban,Criminal Background
59,1,1,1,0.847208614,1,Unemployed,Urban,Criminal Background
50,0,1,0,0.324319203,0,Student,Urban,Criminal Background
68,0,1,1,1,0,Part-Time,Rural,No Criminal Background
36,0,1,3,1,1,Unemployed,Rural,Criminal Background
40,0,2,1,0.273550243,0,Part-Time,Rural,No Criminal Background
30,0,0,3,0.372281716,0,Student,Rural,No Criminal Background
61,1,3,2,0.921927671,0,Part-Time,Urban,No Criminal Background
18,0,2,2,1,0,Unemployed,Rural,No Criminal Background
68,0,1,3,0.588272628,0,Part-Time,Urban,Criminal Background
46,1,1,4,0.055507165,0,Unemployed,Rural,Criminal Background
41,1,2,2,0.048497369,0,Student,Urban,No Criminal Background
33,0,3,4,0.395072302,1,Unemployed,Urban,No Criminal Background
42,0,0,3,0.692034441,0,Student,Urban,Criminal Background
40,0,0,3,0.642614099,0,Employed,Urban,Criminal Background
45,0,3,2,0.766931622,0,Student,Urban,Criminal Background
64,1,0,4,0.907362959,0,Unemployed,Urban,No Criminal Background
33,0,1,3,0.030335509,1,Unemployed,Rural,No Criminal Background
60,1,1,2,0.138712986,0,Employed,Urban,No Criminal Background
55,0,1,3,0.498244064,0,Employed,Rural,Criminal Background
28,0,1,1,0.214635957,0,Student,Rural,No Criminal Background
20,0,3,1,0.086994649,0,Part-Time,Rural,No Criminal Background
32,1,0,2,0.640964396,0,Part-Time,Urban,Criminal Background
18,0,0,3,0.896870125,0,Employed,Urban,Criminal Background
24,0,2,2,0.827889323,0,Student,Urban,Criminal Background
18,1,3,0,0.817039779,1,Employed,Urban,Criminal Background
66,0,0,2,0.732442198,1,Employed,Urban,Criminal Background
49,1,0,2,0.887929476,1,Unemployed,Rural,No Criminal Background
26,0,2,1,0.343800149,1,Unemployed,Urban,No Criminal Background
46,1,1,1,1,1,Unemployed,Rural,Criminal Background
43,1,0,3,0.183165654,1,Employed,Urban,No Criminal Background
40,1,1,2,0.257392649,0,Student,Urban,Criminal Background
62,0,2,2,0.333704716,0,Part-Time,Rural,No Criminal Background
60,1,0,3,1,1,Part-Time,Rural,Criminal Background
46,1,1,4,1,0,Unemployed,Urban,Criminal Background
69,0,3,3,0.874383125,0,Student,Urban,No Criminal Background
55,1,1,1,0.91150446,0,Unemployed,Rural,Criminal Background
50,0,1,1,0.686482599,0,Student,Urban,Criminal Background
24,0,1,2,1,0,Student,Urban,Criminal Background
29,1,1,1,0.834747363,0,Student,Urban,No Criminal Background
48,1,3,3,0.944730128,0,Employed,Urban,No Criminal Background
49,0,2,2,0.348205879,1,Student,Urban,Criminal Background
37,1,1,3,0.400529751,1,Employed,Urban,No Criminal Background
68,1,1,3,1,1,Part-Time,Rural,No Criminal Background
34,1,0,2,0.149854921,1,Part-Time,Urban,Criminal Background
53,1,0,4,0.993224254,0,Employed,Rural,No Criminal Background
20,0,3,1,0.55822179,0,Part-Time,Urban,Criminal Background
18,0,3,0,1,0,Part-Time,Rural,Criminal Background
67,1,3,0,0.387311707,1,Unemployed,Urban,Criminal Background
44,0,0,0,0.909625788,0,Employed,Rural,Criminal Background
64,1,1,1,0.608422654,1,Employed,Rural,No Criminal Background
57,1,0,4,0.62680363,0,Employed,Urban,Criminal Background
50,1,2,3,0.609029785,1,Unemployed,Rural,No Criminal Background
37,1,3,2,1,0,Employed,Rural,No Criminal Background
31,0,3,4,0.761315938,1,Part-Time,Urban,No Criminal Background
53,1,3,0,0.251318969,0,Student,Urban,Criminal Background
22,0,2,1,1,0,Unemployed,Rural,Criminal Background
40,1,1,1,0.405761039,0,Unemployed,Urban,Criminal Background
62,0,1,2,0.566549134,1,Employed,Rural,Criminal Background
32,0,1,3,0.134803281,0,Student,Urban,Criminal Background
23,0,3,4,1,1,Student,Rural,Criminal Background
50,0,1,4,0.396551264,1,Student,Rural,Criminal Background
36,1,0,4,0.271863499,1,Part-Time,Rural,No Criminal Background
30,0,3,3,1,0,Student,Rural,No Criminal Background
46,1,2,3,0.805526862,0,Employed,Urban,Criminal Background
23,0,2,3,0.162946154,0,Part-Time,Rural,Criminal Background
32,0,1,2,1,1,Student,Urban,No Criminal Background
33,0,3,1,1,1,Employed,Urban,Criminal Background
41,1,0,0,0.082436779,1,Part-Time,Rural,No Criminal Background
40,0,0,3,0.953123319,0,Part-Time,Rural,No Criminal Background
65,1,3,1,0.63227016,0,Student,Rural,Criminal Background
27,1,1,3,0.843188786,1,Part-Time,Rural,Criminal Background
58,1,2,0,0.56678249,0,Unemployed,Urban,No Criminal Background
58,0,2,3,0.805962563,1,Employed,Rural,No Criminal Background
66,0,0,1,0.03938303,0,Student,Rural,Criminal Background
34,0,0,2,0.922875135,0,Employed,Urban,No Criminal Background
66,0,0,0,0.036678068,1,Employed,Urban,Criminal Background
61,0,2,1,0.665227225,0,Unemployed,Rural,Criminal Background
62,0,0,4,0.191801024,0,Part-Time,Rural,Criminal Background
47,0,2,4,1,1,Unemployed,Rural,Criminal Background
61,1,2,4,0.378745548,0,Unemployed,Rural,No Criminal Background
63,0,1,2,0.629373653,1,Part-Time,Rural,Criminal Background
27,1,1,3,0.594248527,1,Student,Rural,Criminal Background
36,1,1,3,0.973352477,0,Employed,Rural,No Criminal Background
46,0,0,3,0.611293909,0,Student,Rural,No Criminal Background
19,0,2,2,1,0,Student,Rural,No Criminal Background
53,1,0,4,0.097637369,0,Unemployed,Rural,Criminal Background
36,1,2,3,0.210753365,0,Part-Time,Urban,No Criminal Background
24,0,1,2,0.72802521,1,Part-Time,Urban,No Criminal Background
43,1,1,2,1,0,Employed,Rural,Criminal Background
32,1,0,1,0.078495739,0,Part-Time,Rural,No Criminal Background
64,1,2,3,0.045238427,0,Student,Rural,No Criminal Background
55,1,0,4,0.164378209,0,Part-Time,Rural,No Criminal Background
20,0,3,0,0.81458505,0,Part-Time,Rural,No Criminal Background
55,0,0,2,0.438892208,1,Student,Urban,Criminal Background
33,1,1,1,1,0,Employed,Rural,Criminal Background
19,1,2,0,0.079126467,0,Employed,Urban,Criminal Background
48,1,2,2,0.206234791,0,Student,Rural,No Criminal Background
45,0,0,1,0.346530498,0,Part-Time,Rural,No Criminal Background
24,0,1,3,0.8686479,0,Part-Time,Rural,No Criminal Background
47,1,3,1,0.719431325,1,Employed,Rural,Criminal Background
60,1,0,2,0.130413459,0,Employed,Rural,No Criminal Background
24,1,2,3,0.990994944,0,Employed,Rural,Criminal Background
53,0,1,4,0.543590247,0,Unemployed,Rural,Criminal Background
46,1,2,1,0.748827201,0,Employed,Rural,No Criminal Background
41,1,2,0,0.524207719,0,Part-Time,Urban,No Criminal Background
69,1,2,3,0.233896019,0,Employed,Rural,No Criminal Background
56,1,2,3,0.888539739,0,Part-Time,Rural,Criminal Background
21,1,3,4,0.85914993,0,Part-Time,Rural,No Criminal Background
46,0,1,1,0.54895559,0,Part-Time,Rural,No Criminal Background
61,0,0,0,0.747825938,0,Employed,Rural,No Criminal Background
22,0,1,4,0.340329919,0,Employed,Urban,No Criminal Background
46,1,1,1,0.869213052,1,Student,Rural,No Criminal Background
47,0,1,0,0.407915393,0,Employed,Urban,Criminal Background
46,1,0,0,0.844078734,1,Employed,Urban,No Criminal Background
43,0,1,2,0.301295755,0,Employed,Rural,Criminal Background
36,0,0,0,0.01872633,0,Unemployed,Urban,Criminal Background
43,1,0,1,0.281933444,0,Employed,Rural,No Criminal Background
54,1,3,4,0.219710359,1,Unemployed,Urban,Criminal Background
44,1,2,4,0.587070838,0,Part-Time,Rural,Criminal Background
47,0,0,2,0.246480983,0,Part-Time,Urban,No Criminal Background
68,1,2,1,0.801349364,0,Part-Time,Rural,Criminal Background
47,0,1,0,0.318609242,0,Part-Time,Urban,Criminal Background
20,0,2,2,0.894314748,0,Unemployed,Urban,Criminal Background
60,0,2,3,0.768354003,0,Unemployed,Rural,Criminal Background
24,1,2,1,0.986249856,0,Part-Time,Urban,No Criminal Background
66,1,1,2,1,0,Employed,Urban,Criminal Background
26,1,1,4,1,0,Part-Time,Urban,No Criminal Background
58,0,0,2,0.835981706,0,Part-Time,Urban,Criminal Background
59,0,0,3,0.564641805,0,Unemployed,Rural,Criminal Background
30,1,3,1,0.8286044,0,Part-Time,Urban,No Criminal Background
32,0,1,2,1,0,Unemployed,Rural,Criminal Background
22,0,3,0,0.0270011,0,Student,Rural,Criminal Background
46,0,1,1,0.816554515,0,Unemployed,Urban,No Criminal Background
52,1,2,2,0.217998304,0,Part-Time,Urban,No Criminal Background
44,0,3,2,0.708781859,0,Employed,Rural,No Criminal Background
44,0,3,1,0.619558347,0,Unemployed,Rural,No Criminal Background
25,1,3,4,0.695240562,0,Unemployed,Rural,No Criminal Background
49,1,1,0,0.836360652,0,Unemployed,Urban,No Criminal Background
37,1,0,1,0.960107039,0,Part-Time,Urban,No Criminal Background
27,1,3,0,0.60740472,0,Part-Time,Urban,No Criminal Background
30,1,0,0,1,1,Unemployed,Rural,Criminal Background
46,1,1,1,0.383784344,0,Employed,Urban,No Criminal Background
52,0,3,2,0.506006296,0,Part-Time,Rural,Criminal Background
25,0,1,4,0.651993078,0,Employed,Rural,Criminal Background
46,0,0,0,0.32193089,0,Student,Rural,Criminal Background
48,0,0,0,0.482523527,1,Employed,Rural,No Criminal Background
58,1,3,2,0.691282607,1,Part-Time,Rural,No Criminal Background
47,0,0,1,0.807331273,1,Unemployed,Urban,Criminal Background
39,1,2,4,0.668257112,1,Student,Rural,No Criminal Background
38,1,2,0,0.351817915,0,Employed,Urban,No Criminal Background
29,0,3,0,0.461453502,0,Unemployed,Rural,No Criminal Background
28,0,1,1,0.807335605,1,Student,Urban,No Criminal Background
19,1,1,2,0.159434098,0,Employed,Urban,Criminal Background
67,1,1,3,0.366642707,1,Unemployed,Rural,No Criminal Background
58,1,2,2,0.042127737,0,Student,Urban,Criminal Background
19,1,0,0,0.072610853,0,Part-Time,Urban,No Criminal Background
51,0,2,0,0.281107688,1,Employed,Rural,Criminal Background
20,1,0,4,0.020505744,0,Employed,Rural,Criminal Background
33,0,2,2,0.311794157,1,Student,Rural,No Criminal Background
68,1,1,3,0.785971588,0,Employed,Urban,No Criminal Background
21,1,1,4,0.084327768,0,Unemployed,Urban,Criminal Background
40,1,1,3,0.524084013,1,Employed,Urban,Criminal Background
67,0,3,4,1,0,Employed,Rural,No Criminal Background
37,1,3,2,0.909977553,0,Unemployed,Urban,No Criminal Background
42,0,0,0,0.446267099,0,Unemployed,Rural,No Criminal Background
47,0,3,3,1,1,Part-Time,Rural,No Criminal Background
35,0,2,2,0.4587031,1,Unemployed,Urban,Criminal Background
59,1,2,3,0.072515496,0,Employed,Urban,No Criminal Background
28,0,0,2,1,0,Student,Rural,No Criminal Background
46,0,0,4,1,1,Employed,Rural,No Criminal Background
34,1,1,2,0.55911934,1,Part-Time,Urban,Criminal Background
43,1,3,4,0.69969535,0,Student,Rural,No Criminal Background
40,0,1,0,0.930322116,0,Part-Time,Rural,Criminal Background
69,0,3,4,0.213930454,1,Employed,Urban,No Criminal Background
65,1,3,1,0.241558725,0,Unemployed,Rural,Criminal Background
37,0,0,0,0.568192651,1,Student,Urban,Criminal Background
62,0,1,2,1,0,Employed,Urban,No Criminal Background
19,0,1,2,0.013191783,0,Student,Urban,Criminal Background
41,1,3,1,0.821630918,0,Part-Time,Rural,Criminal Background
48,0,3,2,0.063279462,1,Employed,Urban,No Criminal Background
44,1,0,0,0.526044326,0,Student,Urban,Criminal Background
19,1,2,0,0.637872833,0,Employed,Urban,No Criminal Background
31,1,1,4,0.82411112,0,Employed,Urban,No Criminal Background
21,0,1,3,0.077192628,1,Part-Time,Urban,No Criminal Background
66,1,0,2,0.460463979,0,Part-Time,Urban,Criminal Background
30,0,0,1,0.674332036,0,Part-Time,Rural,Criminal Background
53,1,1,0,0.095699984,0,Unemployed,Rural,Criminal Background
52,0,1,0,0.187241055,0,Student,Rural,Criminal Background
61,0,3,0,0.766514583,0,Part-Time,Rural,No Criminal Background
25,0,2,3,0.725859551,0,Unemployed,Urban,Criminal Background
19,1,1,3,0.23448973,0,Unemployed,Rural,No Criminal Background
23,0,0,2,0.680021578,1,Student,Rural,Criminal Background
48,0,3,1,1,1,Student,Rural,Criminal Background
27,1,3,3,0.015587585,1,Part-Time,Urban,Criminal Background
61,1,0,4,0.73902884,0,Unemployed,Urban,No Criminal Background
38,0,0,3,0.081015478,1,Student,Urban,No Criminal Background
59,1,3,0,0.006771915,0,Student,Rural,No Criminal Background
27,1,0,1,0.150654489,0,Student,Urban,No Criminal Background
40,1,3,2,0.422906632,0,Student,Urban,Criminal Background
20,0,0,3,1,0,Unemployed,Urban,Criminal Background
49,1,3,0,0.295874771,0,Employed,Rural,Criminal Background
37,0,1,4,0.908477504,0,Student,Urban,Criminal Background
27,1,1,4,0.595765968,0,Unemployed,Rural,No Criminal Background
46,1,0,2,0.246048382,0,Student,Rural,No Criminal Background
58,0,2,2,0.6505226,0,Unemployed,Urban,No Criminal Background
69,1,1,3,0.956957388,0,Part-Time,Urban,Criminal Background
68,1,3,2,0.83249237,0,Employed,Urban,Criminal Background
63,1,2,0,0.973497462,0,Unemployed,Urban,Criminal Background
51,1,3,0,0.408808559,0,Unemployed,Rural,Criminal Background
54,0,3,0,1,0,Unemployed,Rural,Criminal Background
37,0,1,3,0.294079339,0,Student,Rural,Criminal Background
25,0,0,3,0.852880992,1,Part-Time,Rural,Criminal Background
24,0,0,2,1,0,Student,Urban,No Criminal Background
23,0,3,3,0.015874129,0,Part-Time,Rural,No Criminal Background
28,0,1,0,0.671378849,1,Employed,Rural,Criminal Background
61,0,3,1,0.712548087,0,Student,Urban,Criminal Background
35,1,2,0,0.932133667,0,Unemployed,Rural,Criminal Background
68,0,3,1,0.213066188,0,Employed,Urban,Criminal Background
59,0,1,2,1,0,Student,Urban,No Criminal Background
46,0,3,4,0.676791905,0,Part-Time,Urban,No Criminal Background
42,1,1,3,0.207069158,1,Student,Rural,Criminal Background
38,0,0,3,0.022574763,0,Student,Urban,No Criminal Background
63,0,1,0,1,0,Unemployed,Urban,No Criminal Background
20,0,2,0,0.100826495,0,Unemployed,Urban,Criminal Background
35,1,1,1,0.177724161,1,Employed,Rural,No Criminal Background
41,0,2,3,0.763517983,1,Unemployed,Rural,Criminal Background
64,1,2,2,0.663856054,0,Student,Urban,Criminal Background
55,1,3,0,0.793354622,0,Student,Rural,Criminal Background
27,1,2,3,0.454508685,0,Part-Time,Rural,Criminal Background
44,1,1,4,0.975112323,0,Student,Rural,No Criminal Background
29,0,0,1,1,0,Employed,Rural,Criminal Background
24,1,1,0,0.375737591,0,Employed,Rural,Criminal Background
34,1,0,0,0.808482909,1,Unemployed,Urban,No Criminal Background
18,0,2,2,1,0,Part-Time,Rural,Criminal Background
67,1,3,0,0.720601101,0,Student,Rural,No Criminal Background
43,1,2,3,0.82243972,0,Unemployed,Rural,No Criminal Background
32,1,2,3,0.234961198,0,Student,Rural,Criminal Background
68,1,0,3,0.5351302,0,Employed,Urban,Criminal Background
50,1,1,4,0.675027412,1,Employed,Urban,No Criminal Background
54,1,3,4,0.735136041,0,Part-Time,Rural,No Criminal Background
64,0,3,0,1,1,Student,Urban,Criminal Background
48,0,3,4,0.042744477,0,Student,Rural,Criminal Background
52,0,3,4,0.082878096,0,Employed,Rural,Criminal Background
18,0,1,2,0.113183501,0,Part-Time,Urban,Criminal Background
25,1,3,4,0.939868605,0,Unemployed,Urban,Criminal Background
29,1,0,1,0.143171485,0,Part-Time,Rural,Criminal Background
36,1,0,1,0.751610638,0,Unemployed,Rural,Criminal Background
42,0,3,1,0.410706131,0,Unemployed,Urban,Criminal Background
49,0,3,0,0.528204549,1,Employed,Rural,No Criminal Background
29,1,1,3,0.312495919,0,Unemployed,Rural,No Criminal Background
30,1,1,2,1,0,Student,Urban,No Criminal Background
45,0,3,0,0.644765357,0,Employed,Urban,No Criminal Background
18,0,1,3,1,0,Part-Time,Urban,Criminal Background
68,0,2,2,0.663658668,0,Part-Time,Rural,Criminal Background
23,0,3,2,0.164580842,0,Unemployed,Rural,Criminal Background
25,1,1,2,0.225548973,0,Student,Urban,No Criminal Background
21,0,0,1,1,0,Part-Time,Urban,No Criminal Background
22,0,3,1,0.963731973,1,Unemployed,Rural,Criminal Background
42,1,3,1,0.051742688,1,Part-Time,Rural,No Criminal Background
39,1,0,2,0.738970055,0,Student,Rural,Criminal Background
45,1,0,2,0.473999004,0,Unemployed,Urban,Criminal Background
56,0,1,1,0.405515071,1,Student,Urban,No Criminal Background
40,0,0,2,0.225094374,0,Unemployed,Rural,No Criminal Background
21,0,2,1,0.970089068,0,Student,Rural,Criminal Background
69,0,3,1,0.073736793,1,Part-Time,Rural,No Criminal Background
21,1,2,1,0.304327235,0,Part-Time,Rural,Criminal Background
64,1,1,3,0.367659473,1,Student,Urban,Criminal Background
38,0,0,2,0.194695394,0,Part-Time,Urban,Criminal Background
54,0,3,0,0.559003372,0,Part-Time,Urban,Criminal Background
58,0,0,1,0.014803823,0,Unemployed,Urban,No Criminal Background
19,1,0,0,0.300975515,1,Student,Urban,Criminal Background
24,0,1,3,1,0,Unemployed,Rural,No Criminal Background
66,1,1,2,0.409899032,0,Part-Time,Urban,Criminal Background
33,0,1,1,0.475806391,1,Part-Time,Urban,No Criminal Background
34,1,1,1,0.567798058,1,Employed,Urban,Criminal Background
37,1,3,1,0.589778044,1,Student,Rural,Criminal Background
40,0,2,0,0.934058485,0,Student,Rural,No Criminal Background
51,1,2,3,0.218869407,1,Unemployed,Urban,Criminal Background
28,1,3,2,0.871746377,0,Student,Urban,Criminal Background
51,0,0,3,0.958299937,0,Unemployed,Urban,Criminal Background
50,1,3,1,0.722650335,1,Part-Time,Urban,Criminal Background
43,0,2,3,0.100259283,0,Employed,Rural,No Criminal Background
19,1,2,0,0.02164069,0,Part-Time,Urban,No Criminal Background
40,1,3,4,0.751426067,0,Unemployed,Urban,Criminal Background
58,1,1,4,1,1,Unemployed,Urban,Criminal Background
39,1,0,2,0.584441464,0,Employed,Urban,Criminal Background
51,0,3,2,0.270914897,0,Part-Time,Rural,No Criminal Background
32,0,2,3,0.109529077,0,Student,Urban,Criminal Background
27,0,1,2,0.923467318,0,Employed,Urban,No Criminal Background
32,1,0,0,0.721770277,1,Student,Urban,No Criminal Background
59,1,2,1,0.189784871,0,Part-Time,Urban,No Criminal Background
46,0,0,1,0.034110282,0,Employed,Urban,No Criminal Background
40,0,1,3,0.565880949,1,Part-Time,Rural,Criminal Background
34,0,2,1,0.673040101,0,Part-Time,Rural,Criminal Background
26,0,1,3,1,0,Student,Urban,No Criminal Background
67,1,3,2,0.935486486,0,Student,Rural,No Criminal Background
53,0,3,2,0.67159117,1,Student,Urban,Criminal Background
26,1,0,0,0.110880609,0,Part-Time,Urban,Criminal Background
33,0,1,1,1,0,Unemployed,Urban,Criminal Background
53,1,1,0,1,0,Part-Time,Urban,Criminal Background
65,0,0,4,1,0,Unemployed,Urban,No Criminal Background
68,0,0,0,0.9588358,1,Employed,Urban,Criminal Background
50,1,0,3,0.317278661,1,Student,Rural,No Criminal Background
48,1,3,3,0.825866994,0,Student,Urban,Criminal Background
23,0,0,0,1,0,Part-Time,Rural,No Criminal Background
27,1,3,2,0.819078892,1,Unemployed,Rural,Criminal Background
33,0,0,4,0.289398829,0,Employed,Rural,Criminal Background
21,1,1,0,1,0,Part-Time,Urban,Criminal Background
39,0,1,2,0.595081623,1,Employed,Urban,Criminal Background
30,0,0,0,0.164204032,0,Unemployed,Urban,No Criminal Background
33,0,0,1,0.120755685,0,Student,Urban,Criminal Background
69,0,3,3,0.712270886,0,Student,Urban,Criminal Background
46,0,2,1,0.581387838,1,Unemployed,Rural,No Criminal Background
23,0,3,1,0.109128876,0,Student,Rural,No Criminal Background
43,0,1,4,1,1,Part-Time,Urban,No Criminal Background
28,0,0,2,1,1,Unemployed,Rural,No Criminal Background
41,1,1,3,1,1,Student,Rural,Criminal Background
46,1,2,1,0.25586001,1,Unemployed,Urban,Criminal Background
20,1,3,3,0.689775456,0,Employed,Urban,Criminal Background
69,0,1,2,0.0141541,1,Part-Time,Urban,Criminal Background
27,0,3,0,0.352404521,0,Part-Time,Rural,No Criminal Background
18,0,0,1,0.506702756,1,Part-Time,Rural,Criminal Background
69,1,1,2,1,0,Student,Rural,No Criminal Background
60,1,2,3,0.409914092,0,Employed,Rural,Criminal Background
43,1,3,2,0.011832918,0,Student,Rural,No Criminal Background
29,1,3,0,0.369963732,1,Student,Rural,No Criminal Background
31,1,2,2,0.602450849,0,Unemployed,Rural,No Criminal Background
42,0,1,3,1,0,Part-Time,Urban,No Criminal Background
25,1,1,1,1,1,Student,Rural,No Criminal Background
60,0,3,1,0.198961442,0,Part-Time,Urban,No Criminal Background
21,0,2,4,0.203661196,0,Employed,Urban,No Criminal Background
45,0,3,3,0.188705582,0,Employed,Rural,No Criminal Background
24,1,3,4,0.911204832,0,Part-Time,Rural,Criminal Background
27,1,0,4,0.006624244,0,Part-Time,Urban,No Criminal Background
68,0,1,0,0.176267597,1,Employed,Rural,Criminal Background
53,1,1,3,0.710106714,0,Employed,Urban,No Criminal Background
19,1,0,1,0.25994017,0,Student,Rural,Criminal Background
43,0,1,3,0.128006051,0,Employed,Rural,Criminal Background
67,0,1,0,0.475038976,1,Student,Urban,No Criminal Background
31,0,1,3,0.361954039,0,Employed,Urban,Criminal Background
33,0,2,3,0.562214737,0,Student,Urban,Criminal Background
60,0,0,4,1,0,Unemployed,Urban,Criminal Background
59,1,3,3,0.165107634,1,Unemployed,Rural,No Criminal Background
34,0,2,4,0.450999313,1,Student,Urban,No Criminal Background
63,1,3,4,1,0,Part-Time,Urban,No Criminal Background
39,1,0,2,1,0,Unemployed,Urban,No Criminal Background
21,0,0,0,0.455383045,0,Employed,Rural,Criminal Background
36,0,0,4,0.807291021,0,Part-Time,Rural,Criminal Background
19,1,1,3,0.105428416,0,Employed,Urban,Criminal Background
56,0,2,4,0.946432657,0,Unemployed,Rural,Criminal Background
26,1,0,4,0.972857729,0,Employed,Urban,No Criminal Background
36,0,3,4,0.682878698,1,Student,Rural,No Criminal Background
33,0,1,1,0.72380781,0,Part-Time,Urban,No Criminal Background
42,1,1,1,0.258499695,0,Unemployed,Urban,No Criminal Background
65,1,2,1,0.665477609,0,Part-Time,Rural,Criminal Background
35,0,2,1,0.71442911,0,Student,Urban,Criminal Background
40,0,2,2,0.82469532,0,Unemployed,Urban,Criminal Background
38,0,1,4,0.037872932,0,Employed,Urban,No Criminal Background
28,1,0,2,0.576159663,1,Part-Time,Rural,Criminal Background
56,0,3,3,0.790222206,1,Unemployed,Rural,Criminal Background
58,0,0,0,0.262525621,1,Unemployed,Urban,Criminal Background
21,0,3,2,0.229166143,0,Student,Urban,Criminal Background
42,0,0,1,0.349415983,1,Unemployed,Urban,Criminal Background
49,1,2,1,0.859403822,0,Unemployed,Rural,Criminal Background
47,1,3,3,0.66689267,0,Student,Urban,No Criminal Background
62,1,1,4,1,0,Employed,Urban,Criminal Background
43,0,3,0,0.325224429,0,Employed,Urban,No Criminal Background
53,0,1,2,1,1,Unemployed,Rural,No Criminal Background
68,0,0,4,0.818076778,0,Employed,Urban,No Criminal Background
51,1,2,4,0.414762254,0,Student,Rural,Criminal Background
26,1,3,2,0.095262066,0,Employed,Urban,Criminal Background
29,1,1,2,0.354637454,1,Unemployed,Urban,No Criminal Background
19,1,0,2,0.956768217,1,Student,Urban,Criminal Background
55,0,2,2,0.358469699,0,Employed,Rural,Criminal Background
22,1,2,1,0.32990096,0,Part-Time,Urban,Criminal Background
22,1,2,4,0.189588931,1,Part-Time,Urban,No Criminal Background
69,0,0,4,0.887535661,0,Student,Urban,Criminal Background
39,1,0,1,0.289426442,0,Employed,Rural,Criminal Background
22,0,0,4,0.459554353,0,Unemployed,Urban,No Criminal Background
21,0,2,2,0.455782919,0,Part-Time,Urban,No Criminal Background
26,0,3,0,0.477101108,0,Employed,Urban,Criminal Background
46,0,1,4,0.570118336,0,Employed,Rural,Criminal Background
39,0,0,0,0.669097563,0,Unemployed,Rural,No Criminal Background
44,1,3,0,0.983524302,1,Unemployed,Rural,No Criminal Background
27,1,1,1,1,0,Employed,Rural,No Criminal Background
33,0,2,3,1,0,Unemployed,Rural,Criminal Background
59,1,3,4,0.101124839,0,Student,Urban,Criminal Background
59,0,2,1,0.923629018,0,Part-Time,Rural,Criminal Background
68,1,1,1,0.151517235,0,Part-Time,Rural,Criminal Background
27,1,0,0,0.130959959,1,Employed,Rural,Criminal Background
23,1,2,4,0.99525591,0,Employed,Rural,Criminal Background
66,1,3,1,0.989422897,0,Unemployed,Rural,No Criminal Background
22,1,0,2,0.58003099,0,Part-Time,Rural,Criminal Background
23,1,3,1,1,0,Unemployed,Urban,Criminal Background
64,1,1,2,1,1,Employed,Urban,No Criminal Background
42,0,1,3,0.930984895,0,Employed,Rural,No Criminal Background
68,0,0,2,0.707897695,1,Employed,Rural,No Criminal Background
67,0,3,2,0.871363219,1,Employed,Rural,No Criminal Background
21,1,3,0,0.26812049,0,Employed,Rural,No Criminal Background
57,1,3,1,0.183837348,0,Employed,Urban,No Criminal Background
65,0,3,3,0.877315766,0,Student,Rural,No Criminal Background
49,0,1,1,0.455274329,1,Student,Urban,No Criminal Background
68,1,3,2,0.15533091,0,Unemployed,Urban,No Criminal Background
69,0,1,2,0.457202458,0,Student,Urban,Criminal Background
52,0,3,1,0.499043202,0,Unemployed,Urban,Criminal Background
27,0,3,3,1,0,Unemployed,Rural,Criminal Background
51,0,2,3,0.767755682,1,Student,Urban,No Criminal Background
53,1,2,0,0.557399133,0,Part-Time,Rural,Criminal Background
23,0,3,2,1,0,Unemployed,Rural,No Criminal Background
60,0,1,2,1,0,Employed,Urban,No Criminal Background
63,0,3,0,0.647681084,0,Unemployed,Urban,No Criminal Background
33,0,2,1,1,0,Unemployed,Urban,No Criminal Background
36,1,3,2,0.424519891,0,Part-Time,Rural,Criminal Background
51,0,2,1,0.253462732,0,Employed,Urban,Criminal Background
42,0,3,3,0.268743294,0,Part-Time,Rural,No Criminal Background
48,0,0,4,0.764974431,0,Part-Time,Rural,Criminal Background
66,0,3,0,0.57873622,0,Part-Time,Rural,Criminal Background
58,0,1,2,1,1,Unemployed,Rural,No Criminal Background
34,1,2,0,0.686075964,1,Employed,Urban,Criminal Background
64,0,0,3,0.027010676,0,Employed,Urban,Criminal Background
47,0,2,3,0.059443552,0,Part-Time,Urban,Criminal Background
56,1,2,3,0.532677727,1,Student,Urban,No Criminal Background
48,0,1,3,0.252166831,0,Employed,Urban,Criminal Background
36,1,3,4,0.632533769,1,Employed,Urban,Criminal Background
52,0,1,1,0.841862378,1,Part-Time,Rural,No Criminal Background
46,1,3,1,0.673624412,0,Unemployed,Urban,Criminal Background
18,1,0,4,0.317578149,0,Part-Time,Rural,Criminal Background
21,0,1,1,0.8868231,0,Student,Rural,No Criminal Background
45,1,1,3,1,0,Student,Rural,No Criminal Background
35,0,2,1,1,1,Part-Time,Rural,Criminal Background
43,1,1,0,1,1,Student,Urban,No Criminal Background
57,1,3,1,0.705235931,0,Unemployed,Urban,Criminal Background
36,0,1,0,0.339138169,0,Unemployed,Rural,No Criminal Background
23,1,1,2,0.987415074,0,Unemployed,Rural,No Criminal Background
18,0,0,0,1,0,Student,Urban,No Criminal Background
25,1,3,0,0.255828847,0,Unemployed,Rural,Criminal Background
50,1,2,3,0.255995621,1,Part-Time,Urban,Criminal Background
68,0,3,3,0.197920598,0,Unemployed,Rural,No Criminal Background
60,0,0,3,0.850913498,0,Student,Rural,No Criminal Background
38,1,3,0,0.406561503,0,Employed,Urban,Criminal Background
41,0,3,4,0.075861723,0,Student,Urban,No Criminal Background
42,0,1,3,1,0,Part-Time,Urban,No Criminal Background
64,1,1,3,0.669206286,0,Part-Time,Urban,No Criminal Background
60,1,3,0,0.331094292,0,Student,Urban,Criminal Background
36,0,3,2,0.478652311,1,Unemployed,Urban,Criminal Background
46,1,2,2,0.333788903,0,Unemployed,Urban,No Criminal Background
27,0,0,1,0.526079599,0,Employed,Rural,No Criminal Background
29,0,1,2,0.562792211,1,Unemployed,Urban,Criminal Background
50,0,1,3,0.759453577,1,Part-Time,Rural,Criminal Background
24,0,1,4,1,0,Unemployed,Urban,No Criminal Background
34,0,1,1,0.890288894,0,Student,Urban,No Criminal Background
27,0,3,4,0.374107482,1,Student,Rural,No Criminal Background
48,1,3,4,0.555178062,0,Employed,Rural,Criminal Background
23,0,2,3,0.970345715,0,Part-Time,Rural,No Criminal Background
34,1,1,0,0.085939856,0,Student,Rural,Criminal Background
67,0,1,0,0.113687632,0,Part-Time,Urban,No Criminal Background
54,1,3,0,0.639595578,0,Unemployed,Urban,No Criminal Background
35,1,2,2,0.639115128,0,Employed,Urban,No Criminal Background
43,1,3,0,0.232554317,1,Employed,Urban,Criminal Background
66,0,1,3,1,1,Unemployed,Urban,Criminal Background
33,1,1,2,0.814291855,1,Student,Rural,No Criminal Background
25,1,0,0,1,0,Part-Time,Urban,No Criminal Background
41,0,0,4,0.185849622,0,Part-Time,Urban,No Criminal Background
30,1,0,3,0.867837276,1,Part-Time,Rural,Criminal Background
46,1,2,3,0.087825245,0,Student,Rural,No Criminal Background
49,0,3,1,0.750849643,0,Unemployed,Rural,No Criminal Background
41,1,1,3,0.728501584,0,Part-Time,Urban,Criminal Background
33,1,1,4,0.489365156,0,Student,Rural,Criminal Background
28,0,2,3,0.975479676,0,Part-Time,Rural,No Criminal Background
49,1,1,1,0.005507012,0,Student,Rural,Criminal Background
23,1,1,3,0.753739953,1,Unemployed,Rural,Criminal Background
52,1,3,3,0.228011227,0,Part-Time,Rural,Criminal Background
50,1,0,1,0.855023412,1,Unemployed,Urban,Criminal Background
35,0,0,3,0.047374169,1,Employed,Urban,Criminal Background
54,0,2,2,0.960445665,0,Student,Rural,Criminal Background
30,0,0,3,0.967996522,1,Employed,Rural,Criminal Background
27,0,0,0,1,0,Unemployed,Rural,Criminal Background
54,1,2,0,0.184226496,0,Unemployed,Rural,No Criminal Background
43,0,2,2,0.837337458,0,Unemployed,Rural,No Criminal Background
63,0,0,3,0.0165943,0,Part-Time,Rural,Criminal Background
34,1,3,4,0.847962591,0,Part-Time,Urban,Criminal Background
18,1,2,3,0.960291801,0,Unemployed,Rural,No Criminal Background
42,1,1,0,0.769641756,0,Unemployed,Rural,No Criminal Background
51,0,2,1,0.843833105,0,Part-Time,Rural,No Criminal Background
56,1,1,2,0.118848362,0,Part-Time,Rural,No Criminal Background
27,1,2,1,0.581521415,0,Student,Urban,No Criminal Background
37,1,2,4,0.386888,0,Unemployed,Rural,Criminal Background
24,0,0,3,1,1,Part-Time,Urban,Criminal Background
33,0,0,4,0.989971233,0,Part-Time,Rural,No Criminal Background
54,0,0,1,0.846933429,1,Employed,Rural,Criminal Background
46,0,3,3,1,0,Unemployed,Rural,No Criminal Background
29,0,0,4,0.506764081,0,Unemployed,Rural,No Criminal Background
34,0,0,0,0.990967889,0,Part-Time,Urban,Criminal Background
65,0,2,0,0.375650158,0,Employed,Rural,Criminal Background
37,1,2,2,0.73279672,1,Student,Urban,Criminal Background
43,1,3,0,0.846879449,0,Unemployed,Urban,Criminal Background
65,1,1,0,0.025432929,0,Student,Rural,No Criminal Background
36,0,2,1,0.50241457,0,Unemployed,Urban,Criminal Background
64,0,2,0,0.02137594,0,Part-Time,Urban,No Criminal Background
29,1,1,0,1,1,Student,Rural,Criminal Background
38,1,3,1,0.14755259,0,Unemployed,Rural,Criminal Background
59,0,2,0,0.689641243,1,Student,Rural,No Criminal Background
51,0,0,0,1,0,Part-Time,Rural,No Criminal Background
24,0,3,2,0.232459461,0,Employed,Rural,No Criminal Background
62,0,1,0,0.672282998,0,Employed,Rural,Criminal Background
52,0,1,0,0.801805964,0,Student,Urban,No Criminal Background
32,0,0,2,0.185036491,1,Student,Rural,Criminal Background
18,0,0,1,0.856411006,0,Student,Urban,No Criminal Background
43,0,0,0,0.397593649,0,Unemployed,Rural,No Criminal Background
52,1,3,4,0.211023076,1,Part-Time,Urban,Criminal Background
42,0,1,1,0.736941145,0,Student,Urban,Criminal Background
59,0,0,1,0.45134499,0,Employed,Urban,No Criminal Background
32,0,0,0,1,0,Unemployed,Rural,No Criminal Background
39,1,1,2,1,0,Student,Urban,Criminal Background
23,1,2,1,0.642010519,0,Unemployed,Rural,Criminal Background
69,0,3,2,0.395190152,0,Student,Urban,No Criminal Background
32,1,2,4,0.341793881,1,Student,Rural,No Criminal Background
41,1,0,2,0.323083075,0,Unemployed,Rural,Criminal Background
38,1,3,3,0.544547854,1,Part-Time,Urban,No Criminal Background
24,0,2,2,1,0,Part-Time,Rural,No Criminal Background
46,0,1,1,0.473779525,0,Employed,Rural,Criminal Background
49,0,0,2,0.219558674,1,Part-Time,Rural,No Criminal Background
49,0,3,2,0.575335405,1,Part-Time,Urban,Criminal Background
22,0,3,3,0.091694964,0,Unemployed,Rural,Criminal Background
21,0,3,3,0.93147384,0,Unemployed,Rural,No Criminal Background
39,0,3,0,0.570194093,1,Employed,Urban,Criminal Background
35,1,0,1,0.496374808,1,Student,Urban,Criminal Background
52,0,0,0,0.438973233,1,Unemployed,Rural,Criminal Background
34,0,1,3,1,0,Unemployed,Urban,No Criminal Background
67,0,1,2,0.144226101,0,Unemployed,Rural,No Criminal Background
67,0,1,3,1,0,Part-Time,Urban,No Criminal Background
41,0,2,4,0.524185289,1,Unemployed,Urban,Criminal Background
19,0,1,2,1,0,Employed,Urban,Criminal Background
30,0,0,0,0.801637604,0,Employed,Urban,No Criminal Background
32,0,2,2,0.138364768,1,Unemployed,Rural,No Criminal Background
22,1,0,4,0.831536287,0,Student,Urban,Criminal Background
20,1,2,3,0.823728527,1,Unemployed,Rural,No Criminal Background
54,0,1,1,0.044770451,0,Employed,Rural,Criminal Background
54,0,1,1,0.203843109,0,Student,Rural,No Criminal Background
54,1,1,1,0.762753667,0,Part-Time,Urban,No Criminal Background
20,0,2,3,0.838189636,0,Unemployed,Urban,No Criminal Background
52,0,0,1,0.821316576,0,Employed,Urban,No Criminal Background
69,1,3,4,0.720245401,0,Part-Time,Urban,Criminal Background
40,0,0,3,0.761745548,0,Employed,Rural,No Criminal Background
45,0,1,1,1,1,Part-Time,Urban,Criminal Background
47,0,2,0,0.66422399,0,Employed,Rural,Criminal Background
35,1,2,3,0.260791386,0,Employed,Urban,No Criminal Background
69,1,1,3,1,0,Part-Time,Urban,Criminal Background
53,0,2,2,0.026612065,0,Unemployed,Rural,Criminal Background
50,1,1,1,0.48386147,1,Employed,Urban,No Criminal Background
43,1,0,0,0.801757322,0,Student,Urban,No Criminal Background
65,1,2,4,0.51579092,0,Unemployed,Rural,No Criminal Background
57,0,3,3,0.030049633,1,Student,Urban,No Criminal Background
34,1,2,4,0.069279948,0,Employed,Rural,No Criminal Background
57,1,1,4,0.899011394,0,Part-Time,Rural,No Criminal Background
24,1,3,4,1,1,Unemployed,Urban,Criminal Background
25,0,1,2,0.764882999,1,Part-Time,Rural,Criminal Background
48,1,2,4,0.532095709,0,Part-Time,Rural,No Criminal Background
29,1,3,1,0.318325213,0,Student,Urban,Criminal Background
65,0,3,1,0.282359741,1,Student,Urban,Criminal Background
48,1,2,0,0.024132729,0,Unemployed,Urban,Criminal Background
61,1,3,0,0.329593003,1,Unemployed,Rural,No Criminal Background
36,1,0,4,0.542300857,1,Unemployed,Rural,No Criminal Background
27,0,3,4,0.239519237,0,Student,Urban,No Criminal Background
56,0,3,2,0.110975619,0,Student,Rural,No Criminal Background
29,1,0,4,0.753614261,0,Part-Time,Rural,Criminal Background
37,1,1,4,1,0,Part-Time,Urban,No Criminal Background
54,1,1,4,1,0,Part-Time,Urban,No Criminal Background
65,1,0,3,0.781768392,1,Unemployed,Urban,No Criminal Background
58,1,3,3,0.055413312,0,Employed,Rural,Criminal Background
24,1,2,2,0.777905761,0,Student,Rural,Criminal Background
69,0,0,2,0.153197617,1,Unemployed,Urban,Criminal Background
31,1,2,1,0.703235524,0,Student,Rural,No Criminal Background
28,1,1,2,1,0,Employed,Urban,No Criminal Background
24,1,0,1,0.798451182,0,Student,Urban,Criminal Background
46,0,2,4,1,0,Student,Urban,Criminal Background
27,1,3,2,0.775053599,1,Student,Rural,Criminal Background
46,0,0,2,0.800657294,0,Part-Time,Rural,No Criminal Background
26,1,2,2,0.302313364,0,Employed,Rural,No Criminal Background
53,1,0,1,1,0,Unemployed,Rural,Criminal Background
65,1,0,1,0.238479146,1,Unemployed,Rural,Criminal Background
27,1,1,0,1,1,Unemployed,Rural,Criminal Background
36,1,1,1,0.375195052,0,Employed,Urban,No Criminal Background
48,1,3,1,0.130163594,1,Student,Urban,No Criminal Background
34,0,1,3,1,0,Unemployed,Urban,Criminal Background
26,1,1,2,0.002994544,0,Employed,Urban,Criminal Background
62,1,1,1,1,1,Part-Time,Rural,No Criminal Background
50,1,2,2,0.288543026,0,Employed,Urban,Criminal Background
51,0,0,2,0.9731934,0,Part-Time,Urban,No Criminal Background
62,1,1,3,0.829775019,0,Employed,Urban,No Criminal Background
41,0,2,2,0.769441749,0,Part-Time,Rural,Criminal Background
26,1,0,1,0.462129247,0,Unemployed,Urban,No Criminal Background
24,1,1,2,0.078411926,0,Employed,Urban,No Criminal Background
33,0,1,0,1,0,Part-Time,Urban,No Criminal Background
36,0,0,0,0.187994175,0,Student,Urban,No Criminal Background
56,1,2,3,0.44950231,0,Unemployed,Rural,No Criminal Background
23,0,2,1,0.877163222,0,Unemployed,Rural,No Criminal Background
67,0,3,3,0.530479112,1,Part-Time,Urban,Criminal Background
68,1,0,0,0.198660635,0,Part-Time,Urban,No Criminal Background
28,1,3,1,0.147647175,1,Employed,Rural,No Criminal Background
29,1,2,2,0.129408586,1,Part-Time,Rural,No Criminal Background
59,0,1,1,1,0,Part-Time,Rural,No Criminal Background
30,1,3,4,0.033137527,0,Student,Rural,No Criminal Background
29,1,2,1,1,0,Unemployed,Urban,Criminal Background
38,0,2,2,0.229300637,0,Part-Time,Rural,No Criminal Background
27,0,1,4,0.145625432,0,Part-Time,Urban,No Criminal Background
37,1,0,3,0.666402261,0,Student,Rural,Criminal Background
67,0,2,1,0.096783009,0,Part-Time,Urban,No Criminal Background
53,0,3,3,0.695833519,1,Student,Rural,Criminal Background
45,0,1,1,1,1,Unemployed,Urban,Criminal Background
41,1,0,0,0.057836861,0,Unemployed,Rural,No Criminal Background
22,1,0,0,0.839862035,0,Student,Rural,Criminal Background
54,1,0,2,0.433925185,0,Student,Urban,Criminal Background
29,0,2,0,0.221931217,0,Unemployed,Urban,No Criminal Background
52,1,0,4,0.2126365,1,Unemployed,Rural,No Criminal Background
57,1,2,4,0.918764544,1,Student,Urban,Criminal Background
19,0,1,1,0.145999593,0,Employed,Urban,Criminal Background
67,0,1,3,1,0,Unemployed,Rural,No Criminal Background
58,1,0,4,0.65717538,0,Unemployed,Rural,No Criminal Background
62,0,1,1,0.054131864,1,Student,Rural,No Criminal Background
56,1,3,3,0.464476146,0,Student,Urban,No Criminal Background
59,1,3,0,0.85832199,0,Student,Rural,No Criminal Background
26,1,2,1,0.83876422,1,Employed,Rural,Criminal Background
39,0,0,3,0.591426725,1,Student,Urban,Criminal Background
64,0,2,2,1,1,Employed,Urban,Criminal Background
22,1,1,2,0.1516596,0,Student,Rural,Criminal Background
29,1,0,4,0.909941053,0,Student,Urban,No Criminal Background
18,1,2,3,0.846441208,0,Employed,Urban,Criminal Background
61,1,0,2,0.743690667,1,Part-Time,Rural,Criminal Background
39,0,0,4,1,1,Unemployed,Urban,Criminal Background
55,1,2,1,0.543815507,1,Student,Urban,No Criminal Background
68,1,0,1,0.675162429,0,Part-Time,Urban,No Criminal Background
36,0,1,3,0.776988926,1,Employed,Rural,No Criminal Background
33,1,3,3,0.390971384,0,Student,Urban,No Criminal Background
48,1,3,3,0.597303837,0,Employed,Rural,Criminal Background
68,1,0,3,0.270338599,0,Employed,Rural,Criminal Background
20,1,3,2,0.440279171,0,Employed,Urban,Criminal Background
40,1,0,2,0.294814178,0,Part-Time,Rural,Criminal Background
59,0,2,4,0.156128937,1,Employed,Rural,Criminal Background
35,0,1,2,0.513015613,1,Unemployed,Rural,Criminal Background
43,0,3,1,0.93718594,0,Student,Urban,Criminal Background
30,0,2,4,0.44014829,0,Student,Rural,Criminal Background
35,1,1,2,1,0,Unemployed,Rural,No Criminal Background
20,0,3,3,0.202353522,0,Student,Rural,Criminal Background
40,0,3,2,0.563734748,0,Unemployed,Rural,Criminal Background
20,0,1,0,0.159190512,1,Part-Time,Rural,No Criminal Background
42,0,2,4,0.160107328,0,Employed,Rural,Criminal Background
44,0,2,2,0.713139019,1,Part-Time,Rural,Criminal Background
61,0,3,2,0.768464499,1,Unemployed,Urban,No Criminal Background
44,0,1,1,0.309816009,0,Employed,Urban,No Criminal Background
69,0,2,3,0.521865514,0,Part-Time,Urban,Criminal Background
56,1,1,3,1,1,Employed,Rural,No Criminal Background
42,0,1,1,0.241443291,0,Employed,Rural,No Criminal Background
41,1,3,1,0.021131586,1,Part-Time,Urban,No Criminal Background
25,0,1,0,0.903665265,1,Student,Rural,No Criminal Background
26,0,1,4,0.085270794,0,Unemployed,Rural,Criminal Background
63,0,0,3,1,1,Part-Time,Urban,No Criminal Background
54,1,1,1,0.844933713,0,Part-Time,Rural,No Criminal Background
47,1,2,1,0.470396353,1,Student,Urban,Criminal Background
36,0,3,4,0.543940563,0,Unemployed,Urban,No Criminal Background
33,1,3,1,0.601724191,1,Part-Time,Rural,No Criminal Background
41,0,1,0,0.119624256,0,Employed,Urban,No Criminal Background
61,1,1,4,1,1,Unemployed,Rural,Criminal Background
38,1,2,0,0.722616589,0,Student,Rural,No Criminal Background
53,1,0,2,0.202376347,0,Part-Time,Urban,No Criminal Background
57,0,3,3,0.649781117,0,Employed,Rural,No Criminal Background
56,1,0,1,0.176997954,1,Unemployed,Rural,No Criminal Background
64,1,2,4,0.017552718,0,Part-Time,Urban,No Criminal Background
23,0,3,0,0.837484186,0,Unemployed,Rural,No Criminal Background
22,1,2,3,0.74899826,1,Employed,Rural,Criminal Background
31,0,1,3,0.770479489,1,Employed,Urban,No Criminal Background
62,0,2,1,0.268082723,0,Unemployed,Rural,Criminal Background
59,1,1,3,0.760321622,1,Employed,Rural,Criminal Background
67,0,0,1,0.065270137,0,Employed,Rural,Criminal Background
21,1,3,2,0.700624109,1,Unemployed,Urban,Criminal Background
25,1,3,1,0.700831529,1,Unemployed,Urban,No Criminal Background
41,0,0,0,0.720780314,0,Student,Urban,No Criminal Background
28,1,1,3,1,0,Part-Time,Rural,No Criminal Background
34,1,3,3,0.850358105,0,Student,Urban,No Criminal Background
67,0,2,3,1,0,Student,Urban,No Criminal Background
38,0,1,1,1,1,Student,Urban,No Criminal Background
43,1,3,4,0.772319693,0,Student,Urban,Criminal Background
60,0,2,1,1,1,Part-Time,Rural,No Criminal Background
65,0,2,0,1,0,Unemployed,Urban,No Criminal Background
61,0,3,1,0.84035773,1,Employed,Rural,Criminal Background
62,0,0,3,0.08292268,1,Employed,Urban,No Criminal Background
44,1,0,2,0.05922774,1,Unemployed,Rural,Criminal Background
33,1,3,0,0.963239503,0,Unemployed,Urban,No Criminal Background
43,0,2,2,0.650385393,0,Unemployed,Rural,No Criminal Background
50,1,0,0,0.814606684,0,Employed,Urban,Criminal Background
48,0,0,0,0.361420603,0,Student,Rural,No Criminal Background
65,0,0,3,0.437414844,0,Student,Urban,No Criminal Background
64,1,1,1,0.970458795,1,Student,Rural,Criminal Background
23,1,0,3,0.915326737,0,Part-Time,Urban,No Criminal Background
61,1,3,3,0.092149548,0,Student,Rural,No Criminal Background
25,1,3,3,0.861478145,0,Part-Time,Urban,No Criminal Background
24,0,1,2,1,0,Employed,Rural,No Criminal Background
51,0,1,0,0.416511837,0,Part-Time,Urban,Criminal Background
61,1,3,4,0.408499106,1,Unemployed,Urban,Criminal Background
31,0,1,1,0.070528522,0,Unemployed,Urban,Criminal Background
33,1,0,3,0.016527642,1,Employed,Rural,Criminal Background
60,1,2,0,0.477006126,0,Student,Urban,Criminal Background
69,1,2,1,0.095539645,1,Employed,Urban,No Criminal Background
26,0,2,4,0.245412295,0,Unemployed,Urban,No Criminal Background
27,0,3,4,0.978016115,1,Student,Rural,Criminal Background
34,1,1,3,0.827420139,0,Unemployed,Rural,Criminal Background
29,1,2,4,0.633632437,0,Employed,Urban,No Criminal Background
23,1,0,4,0.187479331,0,Student,Urban,Criminal Background
36,1,0,1,0.870094895,1,Employed,Rural,Criminal Background
60,0,0,1,1,1,Unemployed,Rural,No Criminal Background
58,0,1,3,0.797865249,0,Student,Rural,No Criminal Background
46,1,2,0,1,0,Unemployed,Urban,Criminal Background
23,1,0,3,0.844828625,0,Student,Urban,Criminal Background
42,0,1,2,1,0,Part-Time,Rural,No Criminal Background
41,1,0,4,0.734075916,0,Part-Time,Urban,Criminal Background
42,0,2,0,0.15398777,0,Unemployed,Rural,Criminal Background
33,0,2,1,0.344097186,1,Employed,Rural,No Criminal Background
69,1,2,2,0.070189581,1,Part-Time,Rural,Criminal Background
33,0,2,2,0.010026797,0,Part-Time,Rural,Criminal Background
23,0,2,4,0.174140485,0,Student,Urban,Criminal Background
54,0,0,1,1,0,Student,Rural,No Criminal Background
38,0,2,0,0.263861465,0,Student,Urban,No Criminal Background
21,1,0,1,1,0,Unemployed,Urban,No Criminal Background
51,0,2,4,0.758858215,0,Employed,Rural,Criminal Background
45,0,0,2,0.260984336,1,Employed,Urban,Criminal Background
55,0,2,4,0.601528272,1,Student,Urban,Criminal Background
58,1,0,3,0.251959046,0,Unemployed,Urban,No Criminal Background
45,1,2,2,1,0,Student,Rural,Criminal Background
34,1,1,4,1,1,Employed,Rural,No Criminal Background
31,0,0,0,0.034851671,1,Unemployed,Rural,Criminal Background
24,1,1,0,1,0,Student,Urban,Criminal Background
39,1,0,0,0.793171618,1,Student,Urban,No Criminal Background
68,1,0,3,0.086500315,0,Employed,Rural,Criminal Background
18,0,0,1,0.848356749,0,Unemployed,Urban,Criminal Background
46,1,3,0,0.747200336,0,Employed,Rural,No Criminal Background
69,1,2,3,0.264187411,1,Unemployed,Rural,Criminal Background
48,1,1,0,1,0,Unemployed,Rural,Criminal Background
47,0,1,3,0.114925408,0,Student,Urban,Criminal Background
32,0,0,0,0.538389699,1,Employed,Urban,Criminal Background
35,1,1,1,0.014378727,1,Unemployed,Rural,No Criminal Background
52,1,1,4,1,1,Part-Time,Rural,Criminal Background
67,1,1,0,1,0,Student,Rural,No Criminal Background
47,0,1,4,0.209684741,1,Employed,Urban,Criminal Background
51,0,3,0,0.499211398,0,Unemployed,Rural,Criminal Background
59,1,0,1,0.168590497,0,Student,Rural,Criminal Background
28,0,1,4,1,0,Employed,Urban,No Criminal Background
44,1,3,3,0.058896325,0,Employed,Urban,Criminal Background
41,0,3,0,0.924447321,0,Student,Urban,Criminal Background
52,1,0,0,1,1,Unemployed,Rural,No Criminal Background
56,0,2,3,0.744290737,0,Student,Urban,No Criminal Background
25,1,2,1,0.223613723,0,Part-Time,Rural,Criminal Background
68,0,2,2,0.415904061,0,Student,Rural,No Criminal Background
35,1,1,0,0.601322242,0,Employed,Rural,No Criminal Background
30,1,0,3,0.665087249,0,Part-Time,Urban,Criminal Background
62,1,2,2,0.702096244,1,Part-Time,Rural,No Criminal Background
41,1,1,0,0.764816307,1,Unemployed,Urban,Criminal Background
68,0,0,4,0.425089844,1,Student,Urban,No Criminal Background
40,1,1,3,1,0,Unemployed,Urban,No Criminal Background
29,0,2,4,0.094007827,0,Student,Rural,Criminal Background
66,0,2,1,0.51288166,0,Employed,Urban,Criminal Background
47,1,3,2,0.936494542,1,Unemployed,Rural,Criminal Background
48,1,3,3,0.070307928,0,Employed,Rural,No Criminal Background
45,1,0,0,0.705335217,0,Employed,Urban,Criminal Background
39,1,1,0,1,0,Part-Time,Rural,Criminal Background
61,0,1,2,1,0,Unemployed,Urban,Criminal Background
45,0,2,4,0.014230582,0,Student,Urban,No Criminal Background
30,0,2,4,0.227873339,0,Unemployed,Urban,Criminal Background
42,0,0,3,0.376324387,1,Employed,Urban,Criminal Background
61,1,3,3,0.245374537,1,Part-Time,Rural,No Criminal Background
68,0,2,4,1,0,Unemployed,Urban,Criminal Background
63,1,1,3,0.903109165,0,Part-Time,Rural,Criminal Background
24,1,2,4,0.311819505,1,Part-Time,Rural,Criminal Background
62,0,3,2,1,0,Employed,Urban,Criminal Background
23,0,1,3,1,0,Unemployed,Rural,No Criminal Background
41,0,3,4,0.396030935,1,Unemployed,Urban,Criminal Background
36,0,0,3,0.479285185,0,Unemployed,Urban,Criminal Background
36,0,0,0,0.219371744,0,Part-Time,Urban,Criminal Background
53,0,3,0,1,0,Student,Rural,Criminal Background
68,1,1,1,0.713869164,0,Unemployed,Urban,Criminal Background
26,1,3,4,0.940859522,0,Employed,Rural,No Criminal Background
65,1,2,1,0.346499771,0,Part-Time,Urban,Criminal Background
53,0,2,4,0.994272052,0,Student,Rural,Criminal Background
55,1,3,3,0.061969876,0,Unemployed,Urban,Criminal Background
57,1,2,4,1,0,Student,Rural,No Criminal Background
46,1,3,0,0.912034367,0,Part-Time,Urban,Criminal Background
41,1,2,3,0.381363092,0,Student,Rural,No Criminal Background
65,1,3,0,0.774722165,0,Part-Time,Urban,Criminal Background
22,1,2,3,0.789870823,0,Student,Rural,Criminal Background
59,0,1,4,1,0,Student,Urban,No Criminal Background
62,0,1,4,0.425855404,0,Part-Time,Rural,Criminal Background
43,0,2,0,0.563279206,0,Student,Urban,Criminal Background
31,1,3,2,0.951499574,0,Employed,Urban,No Criminal Background
56,0,2,4,0.984903009,0,Unemployed,Urban,Criminal Background
46,0,0,2,0.499899466,1,Student,Rural,Criminal Background
69,1,0,3,0.976812644,0,Student,Rural,Criminal Background
23,0,3,2,0.051649443,0,Student,Urban,No Criminal Background
24,1,2,0,0.944320911,0,Unemployed,Rural,No Criminal Background
54,0,2,1,0.227442445,1,Part-Time,Urban,Criminal Background
35,1,1,1,0.394846853,0,Unemployed,Urban,Criminal Background
40,1,3,0,0.493214844,0,Student,Urban,No Criminal Background
61,0,0,1,0.571387684,0,Part-Time,Rural,Criminal Background
55,1,0,0,0.520570107,0,Student,Urban,Criminal Background
18,0,3,4,0.629215813,1,Part-Time,Rural,No Criminal Background
21,1,0,2,0.348104076,1,Student,Rural,No Criminal Background
68,0,3,1,0.192750264,0,Student,Urban,No Criminal Background
61,0,0,4,0.976355402,0,Part-Time,Rural,Criminal Background
64,1,0,1,0.461972452,1,Employed,Rural,Criminal Background
52,0,3,3,0.671883126,0,Unemployed,Rural,No Criminal Background
40,0,3,0,0.70916639,0,Part-Time,Urban,Criminal Background
44,0,0,0,1,1,Unemployed,Urban,Criminal Background
43,1,0,4,0.81722352,0,Employed,Rural,Criminal Background
69,1,1,3,0.063006487,1,Employed,Rural,Criminal Background
25,0,2,2,0.9224164,0,Part-Time,Urban,No Criminal Background
60,0,3,3,1,0,Employed,Urban,Criminal Background
33,1,3,3,0.496109277,0,Employed,Rural,No Criminal Background
58,1,2,2,0.969590336,1,Student,Urban,Criminal Background
20,0,1,2,0.72247394,0,Student,Urban,No Criminal Background
49,1,0,3,0.482596796,0,Employed,Rural,No Criminal Background
22,1,0,1,0.331404765,1,Student,Urban,Criminal Background
37,0,1,1,0.911371058,0,Employed,Rural,No Criminal Background
31,1,1,3,0.28957373,0,Student,Rural,Criminal Background
49,1,2,1,0.110180929,0,Employed,Rural,Criminal Background
43,1,2,2,0.028598958,0,Employed,Rural,No Criminal Background
64,0,0,2,0.369860843,0,Unemployed,Urban,No Criminal Background
23,1,1,1,0.522417498,0,Employed,Urban,No Criminal Background
53,0,1,2,0.921857667,1,Unemployed,Urban,No Criminal Background
57,1,0,0,0.322024808,0,Part-Time,Urban,Criminal Background
68,1,0,2,1,1,Employed,Rural,Criminal Background
22,0,0,3,0.353011654,0,Employed,Urban,No Criminal Background
30,0,0,4,0.58572556,1,Unemployed,Rural,No Criminal Background
49,0,0,1,0.131212368,0,Employed,Rural,No Criminal Background
33,0,2,1,0.301023623,0,Student,Rural,Criminal Background
18,1,0,2,0.061140157,0,Unemployed,Urban,No Criminal Background
30,0,1,2,0.980980892,0,Unemployed,Rural,Criminal Background
28,0,3,4,0.95422768,0,Student,Rural,Criminal Background
25,0,2,4,0.215280796,0,Employed,Urban,No Criminal Background
42,1,1,3,0.463567782,0,Part-Time,Rural,Criminal Background
57,1,3,0,0.016616227,0,Part-Time,Urban,Criminal Background
49,0,2,3,0.923474261,0,Part-Time,Urban,Criminal Background
41,0,0,1,1,1,Unemployed,Rural,No Criminal Background
45,0,2,2,0.084017167,1,Unemployed,Rural,No Criminal Background
31,0,0,3,0.40135437,0,Student,Urban,Criminal Background
62,1,0,2,0.955286614,0,Employed,Urban,No Criminal Background
20,0,0,2,0.45279125,0,Student,Rural,Criminal Background
53,1,3,3,0.635396977,1,Unemployed,Rural,No Criminal Background
44,0,2,3,0.451336055,1,Part-Time,Rural,Criminal Background
37,0,0,4,0.688531753,0,Employed,Rural,No Criminal Background
64,1,1,0,1,0,Part-Time,Rural,No Criminal Background
32,0,2,4,1,0,Employed,Rural,Criminal Background
44,0,1,0,1,0,Part-Time,Rural,No Criminal Background
62,0,3,3,0.51367725,0,Employed,Rural,Criminal Background
58,0,3,0,0.571069192,0,Part-Time,Rural,No Criminal Background
45,1,2,1,0.412024684,0,Student,Rural,No Criminal Background
42,0,3,4,1,0,Unemployed,Urban,No Criminal Background
59,0,3,4,0.778536336,1,Student,Urban,No Criminal Background
61,1,2,4,0.49382459,0,Part-Time,Urban,Criminal Background
63,0,1,2,0.017591372,0,Employed,Urban,Criminal Background
50,1,0,2,0.546507585,0,Student,Rural,Criminal Background
63,0,2,3,1,0,Part-Time,Urban,Criminal Background
31,0,2,3,0.694755652,1,Unemployed,Rural,No Criminal Background
25,0,0,2,0.231773104,0,Employed,Rural,No Criminal Background
65,1,1,4,0.027838121,0,Student,Rural,Criminal Background
31,1,0,2,0.428304788,0,Unemployed,Rural,Criminal Background
18,0,0,0,1,0,Part-Time,Rural,Criminal Background
33,1,1,4,1,1,Employed,Urban,Criminal Background
35,0,1,2,1,0,Part-Time,Urban,No Criminal Background
24,1,0,3,0.729419993,0,Employed,Urban,Criminal Background
32,0,0,2,0.741353079,0,Unemployed,Rural,No Criminal Background
41,1,2,1,0.679289068,0,Unemployed,Urban,No Criminal Background
66,0,1,2,0.81818987,0,Unemployed,Urban,No Criminal Background
68,1,3,4,0.74240177,0,Student,Rural,No Criminal Background
30,1,1,2,0.527780266,0,Student,Rural,No Criminal Background
26,1,0,3,0.669204005,1,Student,Urban,No Criminal Background
32,1,0,0,0.127692721,0,Part-Time,Rural,No Criminal Background
52,0,0,1,0.306878079,0,Student,Rural,Criminal Background
41,0,0,4,1,0,Employed,Urban,Criminal Background
50,1,3,3,1,0,Unemployed,Urban,No Criminal Background
33,0,1,1,0.747065417,0,Part-Time,Rural,Criminal Background
25,1,3,2,0.033217398,0,Part-Time,Rural,No Criminal Background
46,0,3,1,1,0,Student,Urban,Criminal Background
40,1,0,0,0.702064258,1,Employed,Urban,Criminal Background
62,0,3,1,0.576119856,0,Unemployed,Urban,Criminal Background
48,0,0,1,0.691127679,1,Part-Time,Rural,Criminal Background
57,1,0,2,0.49424106,1,Unemployed,Urban,Criminal Background
66,1,0,2,0.511873149,1,Employed,Urban,Criminal Background
31,1,3,4,1,0,Unemployed,Urban,Criminal Background
47,1,0,2,0.169138459,1,Student,Rural,Criminal Background
56,1,3,1,0.137698529,1,Unemployed,Rural,No Criminal Background
44,0,1,0,0.003601943,0,Part-Time,Urban,No Criminal Background
64,1,0,2,0.329700394,0,Student,Rural,No Criminal Background
33,0,2,4,0.162155143,0,Student,Urban,Criminal Background
68,1,2,4,0.219985495,0,Student,Urban,No Criminal Background
23,0,2,1,0.013599169,0,Student,Urban,No Criminal Background
50,0,2,2,0.262410704,0,Part-Time,Rural,Criminal Background
61,1,2,2,0.332711582,1,Employed,Urban,No Criminal Background
35,1,3,4,0.033145871,0,Employed,Rural,No Criminal Background
33,0,1,2,0.842555116,1,Student,Rural,Criminal Background
29,0,3,1,0.625680384,0,Employed,Urban,Criminal Background
37,1,0,0,0.101887567,0,Part-Time,Rural,No Criminal Background
62,0,1,1,0.785412906,0,Employed,Urban,Criminal Background
57,0,1,2,1,0,Employed,Urban,Criminal Background
46,0,1,1,1,1,Part-Time,Urban,No Criminal Background
47,0,1,3,0.003878282,0,Employed,Urban,Criminal Background
43,0,2,3,0.91866195,0,Student,Rural,No Criminal Background
39,0,0,2,0.427862384,1,Student,Urban,Criminal Background
50,1,1,2,0.076381644,0,Part-Time,Urban,Criminal Background
56,1,1,0,0.355179856,1,Student,Urban,No Criminal Background
64,1,2,1,0.321736516,0,Student,Urban,Criminal Background
46,1,3,0,0.549406451,0,Student,Rural,Criminal Background
39,0,3,2,0.763551751,0,Student,Rural,No Criminal Background
62,1,3,2,0.749055612,1,Student,Urban,Criminal Background
30,0,0,4,0.284018014,0,Employed,Rural,Criminal Background
26,0,3,0,0.38934239,1,Part-Time,Urban,Criminal Background
41,1,1,2,0.425566755,1,Unemployed,Urban,Criminal Background
32,1,2,3,0.399010555,0,Part-Time,Urban,No Criminal Background
53,0,2,4,1,0,Part-Time,Rural,Criminal Background
30,1,3,1,0.777943303,1,Part-Time,Urban,Criminal Background
44,1,2,4,1,0,Employed,Rural,Criminal Background
61,0,1,1,0.960651929,0,Part-Time,Rural,Criminal Background
54,0,3,3,0.446897772,0,Part-Time,Urban,Criminal Background
24,0,1,1,0.540185439,1,Employed,Rural,No Criminal Background
25,0,0,0,0.537439259,1,Student,Urban,Criminal Background
54,0,1,1,0.664448748,0,Unemployed,Rural,No Criminal Background
58,0,1,1,1,0,Student,Rural,No Criminal Background
31,1,1,4,0.64449279,1,Part-Time,Rural,No Criminal Background
29,1,1,3,0.372474094,0,Student,Rural,No Criminal Background
53,1,0,1,0.774860269,1,Employed,Urban,Criminal Background
69,0,3,0,1,0,Unemployed,Urban,No Criminal Background
57,0,1,4,0.554966222,1,Student,Urban,Criminal Background
34,1,3,3,0.667808572,1,Part-Time,Urban,Criminal Background
57,1,2,3,0.074387735,0,Unemployed,Urban,No Criminal Background
46,1,1,2,0.698893605,0,Part-Time,Urban,No Criminal Background
44,0,1,0,0.065312612,0,Student,Urban,Criminal Background
18,1,2,4,0.033715421,0,Student,Rural,No Criminal Background
69,1,3,4,0.643571093,0,Part-Time,Rural,Criminal Background
51,1,0,0,0.34883569,0,Unemployed,Urban,No Criminal Background
21,0,1,3,1,0,Unemployed,Urban,Criminal Background
41,1,2,1,1,0,Unemployed,Rural,Criminal Background
38,1,2,0,0.146360732,1,Student,Rural,No Criminal Background
50,0,1,4,0.956370147,0,Student,Urban,No Criminal Background
24,0,3,0,0.622569198,0,Part-Time,Urban,No Criminal Background
18,0,3,3,0.142447507,0,Part-Time,Rural,No Criminal Background
58,0,1,2,0.903107353,1,Employed,Rural,Criminal Background
20,0,2,2,0.703934158,0,Employed,Rural,No Criminal Background
61,1,1,1,0.649708753,0,Employed,Rural,Criminal Background
68,1,0,1,0.972794765,0,Part-Time,Rural,Criminal Background
32,0,0,3,0.659165816,1,Unemployed,Urban,Criminal Background
48,0,3,1,1,1,Employed,Rural,Criminal Background
33,0,0,2,0.560151695,0,Part-Time,Urban,No Criminal Background
27,0,2,3,0.147190015,0,Student,Rural,No Criminal Background
46,1,0,3,0.541041939,0,Unemployed,Urban,Criminal Background
23,1,1,3,0.218794515,1,Employed,Urban,Criminal Background
46,0,2,0,0.656846834,0,Student,Urban,No Criminal Background
34,0,3,1,0.876812202,0,Unemployed,Urban,No Criminal Background
39,0,3,4,0.65182769,0,Unemployed,Urban,Criminal Background
41,0,0,2,0.12413162,1,Student,Rural,Criminal Background
34,1,3,1,0.468641399,0,Employed,Urban,Criminal Background
38,0,1,2,0.112895542,0,Employed,Rural,No Criminal Background
68,0,2,1,0.825372406,0,Student,Urban,No Criminal Background
67,1,1,4,1,0,Student,Rural,No Criminal Background
28,0,1,2,1,0,Student,Urban,Criminal Background
24,1,1,4,0.178562529,0,Part-Time,Urban,No Criminal Background
59,0,1,2,0.93348725,0,Unemployed,Rural,Criminal Background
56,0,2,0,0.65550566,0,Employed,Rural,No Criminal Background
22,1,2,0,0.96860036,0,Employed,Rural,Criminal Background
61,0,1,2,0.869405424,0,Student,Rural,No Criminal Background
65,1,1,2,0.231927824,0,Unemployed,Rural,Criminal Background
38,1,3,4,0.436351324,0,Student,Urban,Criminal Background
35,1,3,3,0.752976908,0,Unemployed,Urban,Criminal Background
52,0,2,2,0.770312875,0,Student,Urban,No Criminal Background
37,0,3,1,0.996850468,0,Student,Rural,No Criminal Background
32,1,2,1,0.207583188,0,Unemployed,Urban,Criminal Background
22,0,2,1,1,0,Employed,Rural,Criminal Background
30,0,0,0,0.065053353,1,Employed,Urban,Criminal Background
68,0,2,4,1,0,Part-Time,Rural,Criminal Background
29,1,3,0,1,0,Unemployed,Rural,Criminal Background
38,1,0,1,0.726300061,0,Employed,Urban,Criminal Background
54,0,3,2,0.848919803,0,Employed,Rural,Criminal Background
23,1,2,1,0.083595807,0,Unemployed,Urban,Criminal Background
24,0,2,2,0.045627849,1,Employed,Urban,Criminal Background
43,0,1,4,0.178424953,0,Unemployed,Rural,No Criminal Background
59,0,2,3,0.096095796,0,Employed,Urban,Criminal Background
65,1,0,2,0.632225325,1,Student,Rural,Criminal Background
25,1,2,0,0.260148614,0,Unemployed,Rural,Criminal Background
26,0,1,1,1,0,Unemployed,Urban,Criminal Background
44,1,2,1,0.51483966,0,Employed,Rural,No Criminal Background
21,0,2,1,0.92381179,0,Unemployed,Rural,Criminal Background
38,1,2,2,0.652873093,0,Part-Time,Urban,Criminal Background
48,1,1,4,0.403014829,0,Part-Time,Rural,Criminal Background
38,1,3,2,0.293624845,0,Unemployed,Rural,Criminal Background
57,0,2,0,0.39553701,1,Part-Time,Rural,Criminal Background
42,0,0,1,0.920140422,1,Employed,Rural,No Criminal Background
56,0,1,2,0.77388544,1,Employed,Urban,Criminal Background
32,1,0,1,0.291569462,1,Unemployed,Urban,Criminal Background
52,0,2,0,0.899631087,0,Employed,Urban,Criminal Background
66,0,1,3,0.07228239,0,Employed,Urban,No Criminal Background
60,0,2,3,0.769101712,0,Part-Time,Urban,No Criminal Background
58,0,0,3,0.531311975,1,Employed,Urban,No Criminal Background
54,1,1,1,0.921425886,0,Employed,Rural,No Criminal Background
59,1,3,2,1,0,Part-Time,Rural,Criminal Background
64,0,3,1,0.952918321,1,Student,Rural,Criminal Background
45,1,3,4,0.533673167,1,Unemployed,Rural,No Criminal Background
31,1,2,2,0.182303135,1,Unemployed,Rural,No Criminal Background
21,1,1,0,0.967621171,0,Student,Urban,Criminal Background
37,1,0,3,0.460705527,0,Part-Time,Urban,No Criminal Background
51,1,0,2,0.07907794,0,Part-Time,Rural,Criminal Background
29,0,2,2,0.790960938,0,Employed,Urban,No Criminal Background
50,1,2,3,0.321037163,0,Employed,Urban,No Criminal Background
41,0,0,0,0.06184361,0,Unemployed,Urban,No Criminal Background
37,0,1,1,1,0,Unemployed,Urban,No Criminal Background
22,0,2,1,0.531411201,0,Part-Time,Urban,No Criminal Background
55,1,1,2,0.38941202,1,Employed,Rural,No Criminal Background
47,1,0,3,0.752205886,1,Part-Time,Rural,Criminal Background
41,1,1,4,1,0,Student,Urban,Criminal Background
60,1,3,0,0.000353136,0,Unemployed,Urban,Criminal Background
57,0,0,1,0.870133014,0,Unemployed,Urban,Criminal Background
24,0,3,0,0.885898507,0,Part-Time,Rural,No Criminal Background
53,0,0,0,0.23092017,1,Employed,Urban,Criminal Background
55,1,3,0,0.538586215,1,Employed,Urban,No Criminal Background
33,0,1,3,0.129643125,1,Student,Urban,No Criminal Background
69,0,0,3,0.903567358,0,Student,Urban,No Criminal Background
32,0,0,3,0.978811701,1,Student,Rural,Criminal Background
63,1,3,2,0.124955589,0,Part-Time,Rural,No Criminal Background
40,0,1,3,1,0,Unemployed,Urban,No Criminal Background
29,0,0,2,0.980279902,0,Part-Time,Rural,No Criminal Background
46,1,2,1,0.34691332,1,Part-Time,Urban,No Criminal Background
61,0,3,1,0.797284407,0,Employed,Rural,Criminal Background
65,1,0,1,4.81E-05,0,Student,Urban,No Criminal Background
32,0,1,1,1,0,Unemployed,Rural,Criminal Background
46,1,1,1,0.660459882,0,Student,Urban,No Criminal Background
62,1,1,3,0.744406637,0,Student,Urban,Criminal Background
60,1,1,4,0.797591296,0,Student,Urban,Criminal Background
66,0,3,3,0.710131807,0,Unemployed,Urban,Criminal Background
38,0,0,4,0.98956229,0,Employed,Rural,Criminal Background
32,1,3,3,0.736214962,0,Unemployed,Rural,Criminal Background
31,1,3,1,1,0,Unemployed,Rural,Criminal Background
59,1,1,0,0.807111628,0,Employed,Rural,Criminal Background
61,1,2,4,0.196790785,1,Unemployed,Urban,No Criminal Background
33,1,1,0,1,0,Unemployed,Rural,No Criminal Background
32,1,2,1,0.715708873,0,Part-Time,Rural,Criminal Background
59,1,3,4,0.844331086,0,Unemployed,Rural,Criminal Background
21,1,1,0,1,0,Part-Time,Rural,Criminal Background
44,1,1,3,0.090235865,1,Part-Time,Urban,No Criminal Background
40,1,3,1,0.428592607,0,Part-Time,Urban,No Criminal Background
46,1,1,3,0.301260195,0,Student,Rural,No Criminal Background
58,1,0,3,0.661947788,0,Employed,Rural,Criminal Background
69,0,2,1,0.887492852,0,Student,Urban,Criminal Background
26,1,2,4,0.966310709,0,Employed,Urban,Criminal Background
69,0,2,2,0.603817279,1,Unemployed,Rural,No Criminal Background
60,0,1,2,1,1,Part-Time,Rural,Criminal Background
60,0,0,1,1,0,Student,Rural,Criminal Background
24,1,1,2,0.990138552,0,Unemployed,Rural,Criminal Background
59,0,2,0,0.267005808,1,Student,Urban,No Criminal Background
21,1,1,4,0.838838729,0,Unemployed,Urban,Criminal Background
22,0,2,3,1,0,Student,Urban,Criminal Background
22,1,3,3,1,0,Unemployed,Urban,No Criminal Background
28,1,2,1,0.738713797,0,Unemployed,Urban,No Criminal Background
58,0,3,3,0.975686534,1,Student,Urban,No Criminal Background
45,0,3,0,0.266114043,1,Unemployed,Rural,No Criminal Background
33,1,3,0,0.246078605,1,Part-Time,Urban,Criminal Background
58,0,2,1,1,0,Part-Time,Rural,Criminal Background
47,1,0,3,0.148758913,1,Part-Time,Urban,Criminal Background
21,1,2,2,0.220727936,0,Part-Time,Rural,No Criminal Background
19,1,1,2,0.504658319,0,Employed,Urban,No Criminal Background
63,0,1,4,0.77825126,0,Student,Urban,No Criminal Background
20,1,0,1,0.63400808,0,Part-Time,Rural,No Criminal Background
67,1,0,4,0.306574809,0,Part-Time,Rural,Criminal Background
38,1,0,2,0.966644593,1,Part-Time,Rural,Criminal Background
23,1,3,2,0.960854903,0,Employed,Rural,No Criminal Background
60,0,0,2,0.431274858,0,Student,Urban,Criminal Background
35,0,0,4,0.604316997,1,Unemployed,Urban,Criminal Background
61,0,0,1,0.850021511,1,Employed,Urban,No Criminal Background
22,0,2,0,0.729295486,0,Part-Time,Urban,Criminal Background
26,1,1,0,0.458756418,0,Part-Time,Urban,Criminal Background
37,1,1,2,0.521947757,1,Employed,Rural,Criminal Background
45,1,0,1,0.348038943,1,Student,Urban,No Criminal Background
43,1,1,1,0.282462008,0,Student,Urban,No Criminal Background
35,1,2,3,0.553202073,0,Unemployed,Rural,No Criminal Background
36,1,1,3,0.823720958,0,Employed,Urban,No Criminal Background
20,0,3,4,0.942668699,1,Student,Rural,Criminal Background
26,1,2,3,0.778873648,0,Employed,Urban,No Criminal Background
53,1,1,4,0.449678416,0,Student,Urban,Criminal Background
48,1,1,0,0.917563193,1,Student,Urban,Criminal Background
66,0,2,2,0.008278979,0,Part-Time,Rural,No Criminal Background
34,1,1,1,0.601082922,1,Student,Rural,No Criminal Background
40,1,1,0,1,0,Student,Rural,No Criminal Background
51,1,0,0,0.693049193,0,Employed,Urban,No Criminal Background
58,0,3,4,0.547542908,0,Student,Rural,Criminal Background
58,1,2,2,0.644642007,1,Student,Urban,Criminal Background
22,1,0,4,0.997640603,1,Employed,Urban,Criminal Background
32,0,1,0,0.785005176,1,Student,Rural,No Criminal Background
64,1,2,1,0.839775501,0,Employed,Rural,No Criminal Background
20,0,2,3,1,0,Employed,Rural,No Criminal Background
36,1,3,4,0.705568202,0,Employed,Urban,No Criminal Background
45,0,3,0,0.662191257,0,Employed,Rural,Criminal Background
20,1,2,3,0.037485947,0,Part-Time,Urban,No Criminal Background
55,1,3,3,0.374477898,1,Part-Time,Urban,Criminal Background
21,0,3,0,0.653086357,0,Part-Time,Rural,Criminal Background
41,1,1,2,0.956647886,1,Part-Time,Urban,Criminal Background
48,1,3,0,0.506011032,1,Employed,Rural,No Criminal Background
62,0,3,1,1,0,Employed,Urban,No Criminal Background
62,1,0,3,0.271793753,1,Employed,Urban,Criminal Background
28,0,1,1,0.982828698,0,Employed,Urban,No Criminal Background
54,1,1,4,0.527979586,1,Part-Time,Rural,No Criminal Background
18,0,2,3,0.534587344,0,Student,Urban,No Criminal Background
26,1,3,2,0.802502034,0,Part-Time,Urban,Criminal Background
34,1,0,0,0.296215262,0,Employed,Urban,Criminal Background
18,0,0,4,0.111817925,1,Employed,Rural,Criminal Background
20,1,1,1,0.624306702,1,Student,Urban,Criminal Background
64,0,3,4,0.581674073,0,Employed,Urban,Criminal Background
43,0,0,2,0.920728777,1,Student,Rural,No Criminal Background
48,0,2,0,1,0,Employed,Urban,No Criminal Background
43,1,3,4,0.063872293,1,Student,Rural,Criminal Background
40,1,3,1,0.71446504,0,Unemployed,Rural,Criminal Background
47,1,3,4,0.822643825,0,Unemployed,Rural,Criminal Background
27,0,0,0,1,0,Unemployed,Urban,Criminal Background
25,0,1,4,1,0,Unemployed,Urban,No Criminal Background
61,0,1,1,0.940435009,0,Employed,Urban,Criminal Background
42,1,2,0,0.521789411,0,Employed,Urban,No Criminal Background
39,0,0,2,0.195443946,0,Employed,Urban,Criminal Background
32,1,3,2,0.441803038,0,Unemployed,Urban,No Criminal Background
58,1,2,3,0.614378441,1,Student,Rural,No Criminal Background
27,1,2,4,0.761460416,0,Student,Rural,No Criminal Background
37,1,1,1,0.920693959,0,Unemployed,Rural,Criminal Background
58,1,3,4,0.714122802,0,Employed,Urban,Criminal Background
64,1,3,0,0.518201649,0,Unemployed,Rural,Criminal Background
40,1,0,3,0.764008655,1,Part-Time,Rural,Criminal Background
18,1,0,1,0.143741256,1,Student,Urban,No Criminal Background
19,0,0,4,0.226238853,0,Unemployed,Urban,Criminal Background
36,1,2,1,0.196619816,0,Unemployed,Rural,Criminal Background
31,1,3,0,1,1,Unemployed,Rural,Criminal Background
25,0,1,3,0.115419708,1,Unemployed,Urban,Criminal Background
55,0,2,1,0.925742171,0,Employed,Rural,Criminal Background
29,0,2,0,0.296751826,0,Student,Rural,No Criminal Background
43,0,1,2,0.618327521,0,Part-Time,Urban,No Criminal Background
44,1,1,1,1,0,Employed,Rural,No Criminal Background
46,0,0,3,0.815331655,1,Unemployed,Urban,Criminal Background
32,0,1,1,0.350854512,0,Unemployed,Urban,Criminal Background
63,0,1,1,0.498092262,0,Unemployed,Rural,No Criminal Background
18,0,1,0,1,0,Unemployed,Rural,Criminal Background
60,1,1,4,0.51257271,0,Student,Urban,No Criminal Background
45,0,0,4,0.8167903,0,Unemployed,Urban,No Criminal Background
20,0,2,1,0.531221687,0,Part-Time,Rural,No Criminal Background
68,0,3,3,0.416281897,1,Employed,Urban,No Criminal Background
35,0,3,3,0.257887392,0,Student,Rural,No Criminal Background
69,1,2,0,0.828576237,0,Unemployed,Rural,Criminal Background
51,0,3,1,0.790066229,0,Part-Time,Urban,Criminal Background
49,0,3,1,0.349241509,0,Employed,Rural,Criminal Background
46,0,2,4,0.911307524,0,Employed,Rural,Criminal Background
42,1,3,0,0.8545352,0,Student,Urban,No Criminal Background
43,0,3,2,1,1,Employed,Rural,No Criminal Background
56,0,2,3,0.224327074,0,Unemployed,Urban,No Criminal Background
25,1,3,3,0.349512236,1,Unemployed,Urban,No Criminal Background
36,0,1,1,1,0,Part-Time,Rural,Criminal Background
64,1,2,0,0.198540203,0,Part-Time,Urban,No Criminal Background
59,1,0,2,0.003468459,0,Employed,Urban,No Criminal Background
39,0,3,3,1,0,Student,Rural,No Criminal Background
46,0,0,0,0.433606471,0,Unemployed,Rural,Criminal Background
50,1,3,2,0.435222401,0,Employed,Rural,No Criminal Background
55,1,1,1,0.562380872,0,Student,Rural,No Criminal Background
62,0,2,4,0.933102061,0,Employed,Urban,No Criminal Background
63,1,0,3,0.337892145,0,Student,Urban,Criminal Background
52,1,2,3,0.892279886,1,Part-Time,Urban,Criminal Background
60,0,0,2,0.81944941,1,Unemployed,Rural,No Criminal Background
20,1,3,4,0.527286724,0,Part-Time,Urban,Criminal Background
36,1,1,0,0.518996963,0,Unemployed,Rural,Criminal Background
27,1,0,1,0.281487009,0,Student,Rural,No Criminal Background
44,1,0,0,0.655261365,0,Student,Rural,Criminal Background
32,1,1,2,0.536272992,1,Employed,Urban,Criminal Background
28,1,1,3,1,0,Student,Urban,No Criminal Background
64,0,1,3,0.681411261,0,Student,Rural,No Criminal Background
43,1,1,0,0.709347755,1,Employed,Rural,Criminal Background
41,0,1,1,0.635336314,1,Employed,Rural,No Criminal Background
30,0,2,2,1,1,Unemployed,Rural,Criminal Background
49,0,3,1,0.467323118,1,Student,Urban,No Criminal Background
54,0,3,2,0.2962762,1,Employed,Urban,Criminal Background
21,0,0,1,1,0,Unemployed,Rural,No Criminal Background
30,0,1,0,0.90598524,0,Unemployed,Urban,Criminal Background
26,0,2,4,0.683194304,0,Part-Time,Rural,Criminal Background
66,0,2,2,0.705499649,0,Employed,Rural,Criminal Background
51,1,0,0,0.754781736,1,Part-Time,Rural,Criminal Background
54,0,1,3,0.548898975,0,Unemployed,Rural,Criminal Background
65,0,3,3,0.037228808,0,Student,Urban,Criminal Background
24,0,1,1,1,0,Employed,Rural,Criminal Background
18,1,2,3,0.141795559,0,Employed,Urban,Criminal Background
29,0,1,4,1,1,Unemployed,Rural,No Criminal Background
38,1,3,2,0.086431063,0,Employed,Rural,Criminal Background
28,0,3,1,0.47476442,0,Unemployed,Urban,No Criminal Background
61,0,0,2,0.076261544,0,Employed,Urban,No Criminal Background
68,1,2,2,0.52221368,0,Employed,Urban,Criminal Background
61,0,1,0,0.905246181,1,Student,Rural,No Criminal Background
61,1,1,3,0.248406622,0,Unemployed,Rural,No Criminal Background
31,1,0,2,0.371627618,1,Part-Time,Urban,No Criminal Background
51,0,0,4,1,1,Student,Urban,No Criminal Background
51,0,0,4,0.646363679,1,Unemployed,Rural,No Criminal Background
42,1,2,3,0.926937822,0,Employed,Rural,No Criminal Background
21,1,1,3,1,1,Unemployed,Urban,Criminal Background
69,0,0,1,1,0,Unemployed,Urban,Criminal Background
43,0,2,1,1,1,Student,Rural,No Criminal Background
33,0,1,1,0.55650359,1,Unemployed,Rural,Criminal Background
27,1,3,3,1,1,Employed,Rural,No Criminal Background
62,0,0,2,0.938316504,1,Part-Time,Rural,No Criminal Background
19,1,2,0,0.879034363,0,Part-Time,Rural,No Criminal Background
52,0,1,1,0.020028339,0,Employed,Urban,Criminal Background
36,1,1,0,1,0,Part-Time,Rural,Criminal Background
23,1,0,4,0.778090224,1,Student,Urban,Criminal Background
36,0,0,3,1,0,Unemployed,Rural,No Criminal Background
69,1,1,4,0.118129335,0,Unemployed,Rural,Criminal Background
68,1,2,1,0.268616665,0,Part-Time,Rural,Criminal Background
25,1,3,2,1,0,Part-Time,Rural,No Criminal Background
31,1,1,1,0.60081249,1,Part-Time,Urban,Criminal Background
27,1,2,0,0.459526011,0,Student,Rural,Criminal Background
20,0,0,1,1,1,Unemployed,Rural,Criminal Background
55,0,1,2,0.139211886,0,Unemployed,Rural,Criminal Background
46,1,0,2,0.416942016,1,Employed,Urban,No Criminal Background
32,0,3,3,0.433934394,0,Employed,Rural,No Criminal Background
40,1,0,3,0.404078352,0,Student,Rural,No Criminal Background
40,1,3,2,0.35384608,1,Unemployed,Urban,No Criminal Background
35,0,0,2,0.279032061,0,Unemployed,Rural,No Criminal Background
63,1,0,0,0.190201883,0,Employed,Urban,No Criminal Background
36,1,3,1,0.640406117,0,Employed,Urban,Criminal Background
45,1,0,3,1,0,Unemployed,Rural,No Criminal Background
43,0,2,0,0.58772365,0,Student,Rural,No Criminal Background
27,0,0,1,0.327772008,0,Part-Time,Urban,Criminal Background
64,1,1,3,0.200541849,0,Student,Rural,Criminal Background
21,1,0,0,1,0,Unemployed,Rural,No Criminal Background
19,1,2,4,1,0,Part-Time,Urban,Criminal Background
20,1,1,4,0.46088513,0,Student,Urban,Criminal Background
24,1,2,3,0.336047742,1,Student,Rural,No Criminal Background
33,0,1,0,0.958719618,0,Unemployed,Rural,Criminal Background
48,0,0,1,0.895504973,1,Employed,Rural,Criminal Background
27,0,2,1,0.525990238,0,Student,Rural,No Criminal Background
36,0,0,0,0.693080465,0,Student,Urban,No Criminal Background
45,1,1,4,0.993137008,0,Employed,Rural,Criminal Background
34,1,2,0,1,0,Student,Rural,Criminal Background
45,0,3,4,0.190618117,0,Student,Rural,No Criminal Background
36,0,2,4,1,0,Employed,Urban,No Criminal Background
54,1,0,1,0.450980154,1,Unemployed,Urban,Criminal Background
40,0,3,3,0.96059059,0,Unemployed,Rural,Criminal Background
37,1,3,2,0.724104188,1,Unemployed,Urban,No Criminal Background
30,1,1,0,0.58400234,1,Part-Time,Urban,No Criminal Background
30,1,3,4,0.842926008,0,Unemployed,Rural,No Criminal Background
60,0,3,0,0.435329235,0,Part-Time,Urban,Criminal Background
28,0,1,3,0.166465175,0,Part-Time,Urban,No Criminal Background
65,0,2,3,0.564671858,0,Part-Time,Rural,No Criminal Background
32,0,0,2,0.574107458,0,Employed,Urban,No Criminal Background
34,0,2,2,0.222092369,1,Part-Time,Urban,Criminal Background
67,1,3,4,0.982400324,1,Part-Time,Rural,Criminal Background
45,0,0,2,0.262734372,1,Employed,Rural,Criminal Background
36,1,2,4,0.450150353,0,Student,Urban,No Criminal Background
21,1,0,1,0.162676171,0,Student,Rural,No Criminal Background
39,1,3,4,0.618845126,0,Part-Time,Rural,No Criminal Background
39,0,2,2,0.389161574,0,Unemployed,Urban,No Criminal Background
54,0,0,0,0.538199772,0,Student,Urban,Criminal Background
56,0,0,2,0.298347419,0,Unemployed,Rural,Criminal Background
51,0,2,3,0.062110273,1,Employed,Rural,No Criminal Background
50,0,2,2,0.900006782,1,Student,Rural,No Criminal Background
61,0,3,1,0.705194912,0,Employed,Urban,No Criminal Background
59,0,1,4,0.44977595,1,Part-Time,Urban,No Criminal Background
57,0,0,3,0.052243647,0,Student,Urban,No Criminal Background
50,1,2,4,0.908853816,0,Part-Time,Rural,Criminal Background
29,0,2,4,0.205451956,1,Part-Time,Urban,No Criminal Background
19,1,2,2,0.930742218,1,Employed,Urban,Criminal Background
45,1,0,0,0.502525148,0,Student,Rural,Criminal Background
27,1,3,3,0.374425381,0,Student,Urban,No Criminal Background
39,1,1,1,0.934616941,1,Student,Rural,Criminal Background
34,0,0,1,1,0,Part-Time,Rural,Criminal Background
43,0,3,0,0.428174166,0,Student,Rural,No Criminal Background
20,1,0,0,0.541054339,0,Unemployed,Rural,No Criminal Background
24,1,0,2,0.52303855,1,Unemployed,Rural,No Criminal Background
61,1,2,1,0.922323061,0,Part-Time,Urban,No Criminal Background
25,0,3,3,0.879902551,1,Employed,Rural,Criminal Background
37,1,2,0,0.299032686,0,Unemployed,Rural,No Criminal Background
29,1,2,0,0.194249682,0,Employed,Rural,Criminal Background
52,0,3,0,0.292682116,1,Student,Rural,Criminal Background
34,1,2,3,0.303098473,0,Unemployed,Urban,Criminal Background
45,0,2,1,0.25320184,0,Part-Time,Urban,No Criminal Background
58,0,1,3,0.86922851,0,Part-Time,Urban,Criminal Background
27,1,3,3,0.115933511,1,Employed,Urban,Criminal Background
39,1,3,2,0.406726414,0,Part-Time,Rural,No Criminal Background
55,1,2,0,0.656306252,0,Employed,Rural,Criminal Background
50,0,2,1,0.33594327,0,Employed,Rural,Criminal Background
39,0,3,2,0.082572097,0,Unemployed,Urban,No Criminal Background
61,0,3,2,0.108682626,0,Unemployed,Rural,Criminal Background
54,1,0,4,0.125966776,1,Part-Time,Urban,Criminal Background
30,1,3,0,0.877635176,0,Employed,Rural,Criminal Background
44,1,0,1,0.794370183,0,Unemployed,Rural,No Criminal Background
32,1,2,1,0.064522411,0,Student,Urban,Criminal Background
39,1,1,1,0.492746788,1,Part-Time,Rural,No Criminal Background
47,1,1,0,0.38611905,0,Part-Time,Rural,No Criminal Background
60,0,0,1,0.667636329,0,Student,Rural,No Criminal Background
57,0,2,3,0.603840872,1,Student,Rural,Criminal Background
54,0,2,3,0.611268072,0,Student,Rural,Criminal Background
51,1,2,0,0.361689226,0,Unemployed,Urban,Criminal Background
61,0,3,1,0.159158737,0,Student,Rural,Criminal Background
51,0,2,4,0.857444722,1,Part-Time,Rural,No Criminal Background
65,0,3,4,1,0,Unemployed,Urban,Criminal Background
52,1,0,4,0.991358455,1,Employed,Rural,Criminal Background
59,1,1,3,0.073859903,0,Student,Rural,No Criminal Background
36,0,0,4,0.940054018,0,Part-Time,Rural,Criminal Background
25,1,2,1,0.762828632,0,Student,Rural,No Criminal Background
56,1,2,1,1,1,Employed,Rural,No Criminal Background
50,1,0,4,0.33593381,0,Unemployed,Rural,No Criminal Background
61,1,3,2,0.742179038,0,Employed,Urban,No Criminal Background
45,0,3,4,0.069102255,0,Unemployed,Urban,Criminal Background
54,1,3,2,0.729088807,0,Part-Time,Rural,No Criminal Background
65,0,1,0,0.486275084,0,Part-Time,Rural,No Criminal Background
42,0,1,0,1,0,Part-Time,Rural,Criminal Background
53,1,2,1,0.906469501,0,Employed,Rural,No Criminal Background
34,1,0,3,0.383062094,0,Student,Rural,No Criminal Background
41,1,0,1,0.525586093,1,Student,Urban,Criminal Background
38,0,2,1,0.135601692,1,Employed,Rural,No Criminal Background
19,0,3,3,0.504457428,0,Student,Urban,Criminal Background
48,0,1,1,0.500069345,0,Employed,Rural,Criminal Background
61,0,0,3,0.221579386,0,Student,Urban,No Criminal Background
50,0,2,1,1,0,Unemployed,Urban,Criminal Background
47,0,3,0,0.179186284,0,Part-Time,Urban,No Criminal Background
29,0,3,2,0.699313293,0,Student,Urban,Criminal Background
61,1,1,1,1,1,Employed,Rural,Criminal Background
29,0,1,2,1,0,Unemployed,Rural,No Criminal Background
68,0,2,4,0.916191853,0,Student,Rural,No Criminal Background
66,0,2,1,0.223787311,0,Student,Rural,Criminal Background
69,0,3,0,0.944133278,0,Employed,Rural,No Criminal Background
41,1,3,3,0.318049534,1,Unemployed,Urban,No Criminal Background
41,0,0,0,1,0,Part-Time,Rural,No Criminal Background
28,0,3,2,0.77999535,1,Employed,Urban,Criminal Background
30,1,2,3,0.906984033,0,Student,Rural,No Criminal Background
44,1,1,0,0.102038944,0,Part-Time,Urban,Criminal Background
25,0,2,0,0.740403077,1,Student,Rural,Criminal Background
27,0,0,0,0.993581974,0,Employed,Urban,Criminal Background
25,0,0,3,1,0,Unemployed,Urban,No Criminal Background
37,0,1,0,0.039683543,1,Part-Time,Rural,No Criminal Background
25,0,2,0,1,0,Employed,Urban,No Criminal Background
26,0,0,2,0.052439867,0,Employed,Urban,No Criminal Background
24,1,2,0,0.645244614,0,Part-Time,Rural,No Criminal Background
31,1,0,0,0.797395657,0,Unemployed,Urban,No Criminal Background
45,0,1,4,0.141695784,0,Student,Urban,Criminal Background
19,0,0,3,0.055453705,1,Part-Time,Rural,Criminal Background
60,0,2,4,0.86340337,0,Employed,Urban,No Criminal Background
25,1,2,2,0.384670625,0,Part-Time,Urban,Criminal Background
30,0,0,4,0.117823767,0,Part-Time,Urban,Criminal Background
38,1,3,1,0.964774788,0,Unemployed,Urban,Criminal Background
64,1,1,3,1,0,Unemployed,Rural,No Criminal Background
45,0,1,0,0.81411726,0,Student,Rural,Criminal Background
52,1,0,4,0.169298649,1,Part-Time,Rural,Criminal Background
40,0,0,4,0.020219248,0,Unemployed,Rural,Criminal Background
63,1,3,0,0.846218996,0,Unemployed,Rural,No Criminal Background
32,0,1,0,0.762493589,0,Employed,Rural,Criminal Background
19,0,3,2,0.823258384,0,Unemployed,Urban,No Criminal Background
68,1,1,4,0.975821604,1,Part-Time,Urban,No Criminal Background
29,1,0,4,0.434227777,0,Part-Time,Urban,No Criminal Background
69,1,1,1,0.156889491,0,Employed,Rural,No Criminal Background
53,0,1,1,1,0,Employed,Rural,Criminal Background
20,1,1,4,0.719746008,0,Employed,Urban,Criminal Background
22,1,3,1,0.615294119,1,Part-Time,Urban,Criminal Background
20,0,3,4,1,0,Part-Time,Rural,Criminal Background
64,0,1,3,1,0,Student,Urban,Criminal Background
36,1,2,2,0.759884661,0,Unemployed,Rural,Criminal Background
19,1,3,1,0.297611425,0,Employed,Urban,Criminal Background
61,1,0,4,1,0,Unemployed,Rural,Criminal Background
54,0,0,1,0.947356981,1,Unemployed,Urban,No Criminal Background
34,0,1,2,0.566093234,0,Student,Rural,No Criminal Background
31,1,0,3,0.559836803,1,Part-Time,Urban,Criminal Background
45,0,3,0,0.552331577,0,Unemployed,Rural,No Criminal Background
44,1,2,0,0.888305152,1,Employed,Urban,No Criminal Background
27,1,2,1,0.482499375,0,Employed,Urban,No Criminal Background
20,0,2,4,0.905881214,0,Part-Time,Urban,Criminal Background
53,1,0,2,0.882185113,1,Part-Time,Rural,No Criminal Background
55,1,1,3,0.989198805,0,Part-Time,Urban,No Criminal Background
42,0,0,3,0.794407474,0,Employed,Urban,Criminal Background
39,1,1,3,1,1,Part-Time,Rural,Criminal Background
65,1,2,0,0.38722958,0,Student,Urban,Criminal Background
56,0,3,2,0.126129527,0,Student,Urban,No Criminal Background
64,1,0,0,0.842454204,1,Employed,Urban,No Criminal Background
47,1,3,1,0.498168416,1,Student,Urban,Criminal Background
38,0,2,3,0.177243749,1,Unemployed,Urban,Criminal Background
47,0,1,2,0.152212529,0,Part-Time,Urban,Criminal Background
45,0,3,3,0.175166633,0,Student,Urban,Criminal Background
48,1,0,0,0.788521923,1,Part-Time,Rural,Criminal Background
69,0,3,0,0.860136575,0,Student,Urban,No Criminal Background
43,1,3,0,0.235410576,1,Part-Time,Rural,Criminal Background
60,0,0,3,0.93161576,0,Employed,Urban,No Criminal Background
39,1,1,2,0.407596159,0,Unemployed,Rural,Criminal Background
38,1,0,2,0.915898349,0,Part-Time,Rural,No Criminal Background
18,0,2,1,0.618339473,1,Unemployed,Urban,No Criminal Background
54,1,1,3,0.92175134,0,Part-Time,Rural,Criminal Background
30,1,3,1,0.419526429,1,Employed,Urban,No Criminal Background
38,0,0,1,0.507198448,1,Unemployed,Rural,No Criminal Background
63,1,2,1,0.971770337,1,Student,Rural,Criminal Background
26,1,0,1,0.042627472,1,Unemployed,Rural,No Criminal Background
34,1,1,0,1,1,Part-Time,Rural,No Criminal Background
64,0,2,1,0.901941855,1,Unemployed,Urban,No Criminal Background
38,0,3,2,0.475731727,0,Employed,Urban,Criminal Background
48,0,1,1,1,0,Unemployed,Rural,Criminal Background
56,0,2,0,0.163030662,0,Unemployed,Rural,No Criminal Background
39,0,1,4,0.85836479,0,Unemployed,Urban,No Criminal Background
29,0,3,4,1,0,Student,Rural,Criminal Background
23,0,2,4,0.312496631,0,Unemployed,Rural,Criminal Background
33,0,0,3,0.794505909,1,Part-Time,Urban,No Criminal Background
43,1,0,2,0.456719945,0,Part-Time,Rural,No Criminal Background
22,1,3,0,0.866627536,0,Unemployed,Rural,No Criminal Background
26,1,2,4,0.247401329,1,Unemployed,Rural,Criminal Background
63,1,3,0,0.470464983,0,Student,Urban,No Criminal Background
57,0,3,0,1,0,Employed,Rural,No Criminal Background
31,1,1,3,0.24606181,1,Part-Time,Rural,No Criminal Background
61,1,0,4,0.636445028,0,Student,Urban,Criminal Background
59,1,3,1,0.633157524,0,Part-Time,Urban,No Criminal Background
47,1,1,0,0.678061904,0,Part-Time,Urban,No Criminal Background
69,1,3,4,0.707391783,0,Unemployed,Urban,No Criminal Background
69,0,3,0,0.552461771,1,Part-Time,Urban,Criminal Background
43,0,3,3,0.019555017,0,Employed,Rural,No Criminal Background
62,1,0,3,1,1,Employed,Rural,No Criminal Background
46,1,2,1,0.868327769,0,Employed,Rural,Criminal Background
36,1,0,3,0.182876065,0,Student,Rural,No Criminal Background
64,1,1,4,0.520724203,1,Employed,Rural,Criminal Background
25,0,2,3,0.847603879,1,Employed,Urban,Criminal Background
40,1,1,1,1,0,Part-Time,Urban,Criminal Background
59,0,3,2,1,0,Student,Urban,Criminal Background
52,1,2,0,1,1,Unemployed,Urban,Criminal Background
48,0,1,0,0.241456844,0,Student,Rural,Criminal Background
52,0,3,4,1,0,Student,Urban,No Criminal Background
49,0,1,1,1,1,Unemployed,Rural,Criminal Background
22,1,1,1,0.546200421,0,Unemployed,Rural,No Criminal Background
33,1,0,1,0.499071082,0,Unemployed,Urban,Criminal Background
34,0,3,0,0.531194805,0,Part-Time,Rural,No Criminal Background
49,1,0,3,0.656175631,1,Part-Time,Urban,No Criminal Background
55,1,2,0,0.286919178,0,Part-Time,Urban,Criminal Background
49,0,3,0,0.0277676,1,Employed,Urban,No Criminal Background
69,1,0,0,0.162413953,0,Unemployed,Urban,No Criminal Background
37,0,0,3,0.484127498,0,Part-Time,Urban,Criminal Background
65,1,2,2,0.296102698,0,Part-Time,Rural,No Criminal Background
19,1,1,4,1,0,Student,Rural,No Criminal Background
37,0,1,2,0.162659682,0,Part-Time,Rural,Criminal Background
64,0,1,2,1,0,Unemployed,Urban,No Criminal Background
35,0,2,0,1,1,Unemployed,Rural,No Criminal Background
18,0,0,2,1,1,Employed,Rural,Criminal Background
46,1,3,0,0.854249548,0,Employed,Rural,No Criminal Background
46,1,2,0,0.117699969,1,Student,Urban,No Criminal Background
36,1,1,4,0.578341594,0,Employed,Urban,Criminal Background
61,0,1,1,0.209447022,0,Unemployed,Rural,No Criminal Background
57,1,3,0,1,0,Employed,Rural,Criminal Background
23,1,2,2,0.349690345,0,Employed,Rural,Criminal Background
61,1,1,4,0.737516483,0,Part-Time,Rural,No Criminal Background
56,0,2,2,0.985932214,0,Unemployed,Urban,No Criminal Background
67,0,0,1,1,0,Student,Rural,Criminal Background
63,1,2,3,0.872657623,0,Employed,Rural,Criminal Background
25,1,0,1,0.779051864,1,Employed,Rural,Criminal Background
41,0,3,4,0.51257996,1,Student,Urban,Criminal Background
37,0,0,1,0.732534162,0,Student,Urban,No Criminal Background
31,0,0,1,0.125073079,1,Unemployed,Rural,Criminal Background
22,0,3,4,0.972314796,0,Student,Urban,No Criminal Background
58,1,1,4,0.652532771,1,Employed,Urban,No Criminal Background
57,0,3,2,0.050770839,0,Unemployed,Urban,No Criminal Background
51,1,2,0,1,0,Unemployed,Rural,No Criminal Background
33,0,3,3,0.592055388,0,Student,Urban,No Criminal Background
62,1,2,3,1,0,Unemployed,Rural,No Criminal Background
24,1,1,3,1,0,Employed,Urban,No Criminal Background
33,0,2,1,0.897326746,0,Employed,Urban,No Criminal Background
24,1,3,4,0.06447317,0,Employed,Rural,Criminal Background
44,1,3,4,0.298332974,0,Unemployed,Rural,No Criminal Background
31,1,1,4,1,1,Student,Urban,No Criminal Background
31,0,3,0,0.988890162,0,Employed,Urban,No Criminal Background
61,0,1,4,0.634883443,1,Part-Time,Rural,Criminal Background
50,0,1,4,0.580854737,0,Student,Urban,No Criminal Background
50,1,3,1,0.211482315,0,Unemployed,Rural,No Criminal Background
61,1,0,2,1,0,Employed,Rural,No Criminal Background
37,1,2,3,0.257364709,1,Unemployed,Rural,No Criminal Background
64,1,0,1,0.190936784,0,Employed,Urban,Criminal Background
53,0,1,1,1,0,Unemployed,Urban,Criminal Background
24,1,2,1,0.254986518,0,Part-Time,Rural,No Criminal Background
49,1,0,3,1,0,Unemployed,Urban,No Criminal Background
65,1,3,1,0.013170197,0,Unemployed,Rural,Criminal Background
20,0,0,2,0.007277877,0,Unemployed,Urban,Criminal Background
56,1,2,4,0.504876801,1,Employed,Urban,Criminal Background
46,0,2,2,0.536868706,1,Student,Urban,Criminal Background
41,0,2,4,0.227321036,1,Unemployed,Urban,Criminal Background
39,1,2,4,0.519245541,0,Student,Rural,Criminal Background
23,1,0,1,0.411661105,0,Employed,Urban,No Criminal Background
65,1,3,1,1,0,Unemployed,Rural,No Criminal Background
41,1,3,3,0.00925392,1,Employed,Urban,Criminal Background
57,0,2,0,1,0,Student,Rural,Criminal Background
40,0,3,2,0.686832041,0,Employed,Urban,Criminal Background
55,0,0,3,0.17537918,1,Employed,Rural,No Criminal Background
27,0,3,3,0.051436015,0,Student,Urban,Criminal Background
33,0,1,2,0.745814443,0,Employed,Rural,No Criminal Background
28,0,3,2,0.258379183,0,Student,Urban,No Criminal Background
49,0,2,4,0.331282091,0,Student,Urban,Criminal Background
62,0,3,0,0.310092189,1,Unemployed,Urban,Criminal Background
23,0,3,1,0.949950513,0,Unemployed,Rural,No Criminal Background
41,0,3,0,0.639325951,0,Employed,Rural,No Criminal Background
50,1,3,0,0.077974424,0,Employed,Urban,No Criminal Background
68,1,1,1,0.663423432,0,Employed,Rural,Criminal Background
29,1,0,0,0.791189766,0,Part-Time,Urban,Criminal Background
44,0,2,3,0.08931405,0,Part-Time,Urban,Criminal Background
55,1,2,3,1,0,Unemployed,Urban,No Criminal Background
35,0,3,1,0.734738598,0,Student,Rural,Criminal Background
62,0,0,1,1,1,Part-Time,Rural,Criminal Background
56,1,3,2,0.148141218,0,Part-Time,Urban,Criminal Background
30,0,1,2,1,1,Student,Rural,No Criminal Background
57,1,0,0,0.676486509,0,Employed,Rural,Criminal Background
47,0,0,0,0.624243619,0,Employed,Urban,Criminal Background
66,0,0,1,0.623488345,1,Part-Time,Urban,Criminal Background
58,1,0,0,0.024837092,0,Part-Time,Rural,Criminal Background
69,1,3,4,0.939639192,0,Student,Urban,Criminal Background
30,1,1,3,0.850072704,0,Student,Urban,No Criminal Background
51,1,0,0,0.10582859,0,Part-Time,Rural,No Criminal Background
53,1,2,0,0.024199757,0,Student,Rural,No Criminal Background
47,1,2,2,0.053322821,0,Employed,Rural,No Criminal Background
42,0,1,4,0.925062769,0,Unemployed,Urban,No Criminal Background
19,0,2,0,0.675416956,0,Part-Time,Urban,Criminal Background
53,0,3,3,0.66368308,1,Unemployed,Rural,No Criminal Background
35,0,3,0,0.389745975,0,Student,Rural,No Criminal Background
22,1,1,1,0.73380497,0,Unemployed,Urban,Criminal Background
36,0,0,4,0.596328603,0,Part-Time,Rural,No Criminal Background
59,0,2,0,0.022424972,0,Student,Rural,No Criminal Background
35,1,2,4,0.357323576,0,Unemployed,Urban,No Criminal Background
49,0,1,0,0.070204651,0,Employed,Urban,No Criminal Background
38,1,1,3,1,0,Part-Time,Rural,Criminal Background
27,1,2,3,0.761484321,1,Part-Time,Rural,Criminal Background
54,1,0,4,0.99611517,1,Part-Time,Urban,No Criminal Background
66,0,1,2,0.398866068,0,Part-Time,Urban,No Criminal Background
39,1,3,2,0.878485848,1,Student,Urban,Criminal Background
30,0,2,1,0.663359695,1,Employed,Urban,No Criminal Background
34,0,1,2,0.690834995,0,Employed,Rural,Criminal Background
26,0,1,4,0.337865983,1,Unemployed,Urban,Criminal Background
41,1,1,2,0.886070598,0,Part-Time,Urban,No Criminal Background
61,1,2,1,0.949347786,0,Part-Time,Rural,No Criminal Background
31,1,3,0,0.31254838,0,Unemployed,Rural,No Criminal Background
63,0,3,2,0.202575837,1,Student,Rural,No Criminal Background
25,0,2,4,0.765844107,0,Employed,Urban,No Criminal Background
54,1,1,4,1,0,Part-Time,Rural,No Criminal Background
36,0,2,1,0.948693203,0,Unemployed,Urban,No Criminal Background
45,1,2,1,0.284580739,0,Employed,Urban,No Criminal Background
63,1,1,3,0.60851541,0,Unemployed,Rural,No Criminal Background
58,0,2,3,0.486161809,1,Unemployed,Urban,No Criminal Background
47,0,0,3,0.984169746,0,Student,Rural,Criminal Background
24,1,3,0,0.809939318,0,Employed,Rural,No Criminal Background
43,0,0,4,0.712660276,1,Part-Time,Urban,No Criminal Background
57,1,0,3,0.302455021,0,Employed,Urban,Criminal Background
63,1,0,4,0.937988528,0,Student,Urban,Criminal Background
63,0,2,1,0.754579085,0,Part-Time,Rural,No Criminal Background
28,1,1,0,1,1,Employed,Rural,Criminal Background
31,0,2,1,0.670035173,0,Student,Rural,No Criminal Background
38,1,3,4,0.821192758,0,Part-Time,Urban,Criminal Background
25,0,2,3,0.939136713,0,Part-Time,Rural,Criminal Background
20,0,2,1,0.448056948,1,Unemployed,Rural,Criminal Background
45,1,2,2,1,0,Unemployed,Rural,No Criminal Background
46,0,2,0,0.024135614,0,Student,Urban,Criminal Background
40,0,0,4,0.845582,0,Part-Time,Urban,Criminal Background
35,1,1,3,1,0,Employed,Urban,Criminal Background
52,0,3,1,0.391438975,0,Part-Time,Rural,Criminal Background
30,1,3,0,0.680516117,0,Student,Rural,Criminal Background
29,0,3,3,0.618445575,1,Employed,Urban,Criminal Background
64,1,2,1,0.837658041,1,Part-Time,Urban,No Criminal Background
67,1,3,4,0.909486818,0,Employed,Rural,No Criminal Background
22,1,0,2,0.728176317,0,Unemployed,Rural,No Criminal Background
56,1,1,2,1,0,Employed,Rural,Criminal Background
28,0,2,4,0.395041253,1,Unemployed,Urban,Criminal Background
28,1,2,0,0.228587059,0,Employed,Urban,Criminal Background
64,0,0,4,0.544794627,0,Unemployed,Urban,No Criminal Background
59,1,3,1,0.74551026,1,Student,Urban,Criminal Background
64,0,2,0,0.216270226,1,Employed,Rural,Criminal Background
48,1,2,2,0.714369802,0,Part-Time,Rural,Criminal Background
48,0,0,1,0.455178164,0,Student,Rural,Criminal Background
30,0,0,3,0.875132801,0,Student,Urban,Criminal Background
31,1,3,3,0.040519399,0,Employed,Urban,Criminal Background
66,1,1,3,0.841658124,1,Student,Rural,No Criminal Background
62,1,1,2,0.986430307,0,Unemployed,Urban,No Criminal Background
59,0,3,4,1,0,Unemployed,Urban,No Criminal Background
42,0,1,0,0.988727429,1,Employed,Rural,Criminal Background
50,0,0,2,0.963525295,0,Student,Urban,No Criminal Background
50,0,0,1,0.995050117,0,Part-Time,Urban,Criminal Background
32,1,0,1,0.708804514,0,Employed,Rural,Criminal Background
33,1,1,3,0.402152938,1,Employed,Rural,No Criminal Background
61,1,1,0,1,0,Student,Rural,Criminal Background
55,1,2,3,0.859714837,0,Unemployed,Urban,No Criminal Background
23,0,2,1,0.490225433,0,Student,Rural,No Criminal Background
61,0,2,1,0.820661194,1,Part-Time,Rural,No Criminal Background
42,1,1,4,1,0,Part-Time,Urban,Criminal Background
32,0,2,4,1,0,Part-Time,Urban,Criminal Background
21,1,0,4,0.999969079,1,Part-Time,Rural,Criminal Background
21,0,1,3,0.450904368,1,Employed,Rural,No Criminal Background
47,0,3,0,0.510249394,1,Part-Time,Urban,No Criminal Background
51,0,1,4,0.144588319,0,Part-Time,Urban,No Criminal Background
44,0,2,2,0.272298716,1,Part-Time,Urban,Criminal Background
48,0,1,4,1,0,Student,Rural,Criminal Background
49,0,2,3,0.456475157,0,Unemployed,Urban,Criminal Background
61,1,2,0,0.749317335,0,Unemployed,Rural,Criminal Background
56,0,3,4,0.884568833,0,Unemployed,Rural,No Criminal Background
69,1,3,0,0.820920739,0,Part-Time,Rural,Criminal Background
26,1,0,2,0.18280003,0,Student,Urban,Criminal Background
58,1,2,1,0.304813135,1,Employed,Urban,No Criminal Background
25,1,1,0,0.56490379,0,Student,Rural,Criminal Background
31,1,3,4,0.383083114,0,Employed,Rural,Criminal Background
50,1,3,3,1,0,Student,Urban,No Criminal Background
40,0,2,3,1,1,Unemployed,Rural,Criminal Background
38,0,1,3,0.800980943,0,Unemployed,Urban,No Criminal Background
29,0,3,3,1,0,Part-Time,Rural,Criminal Background
19,1,3,0,0.39980089,0,Unemployed,Urban,No Criminal Background
30,1,1,3,1,1,Unemployed,Rural,Criminal Background
21,1,3,1,0.270088285,0,Unemployed,Rural,No Criminal Background
37,0,1,2,1,0,Student,Rural,Criminal Background
67,0,2,0,0.635154911,0,Unemployed,Urban,Criminal Background
68,0,3,0,0.130074178,1,Employed,Urban,No Criminal Background
65,1,2,3,0.3005887,0,Part-Time,Urban,No Criminal Background
31,1,1,3,0.506866026,0,Student,Rural,No Criminal Background
47,1,2,0,0.786757557,0,Employed,Rural,Criminal Background
46,0,2,3,0.080280986,1,Student,Urban,No Criminal Background
25,1,2,3,0.758479044,0,Unemployed,Urban,Criminal Background
29,1,0,3,0.787615005,0,Student,Urban,No Criminal Background
58,1,1,3,0.823940926,0,Student,Rural,Criminal Background
55,1,1,3,0.912803566,0,Part-Time,Urban,Criminal Background
43,0,1,4,0.235182573,0,Student,Urban,No Criminal Background
67,0,1,4,0.81372525,0,Student,Rural,Criminal Background
19,1,1,4,1,1,Part-Time,Urban,No Criminal Background
57,1,3,0,0.61078427,0,Student,Urban,No Criminal Background
31,0,3,2,0.73971698,1,Student,Urban,No Criminal Background
23,0,3,0,0.891091967,0,Employed,Urban,Criminal Background
59,1,2,4,0.333204232,1,Employed,Urban,Criminal Background
57,0,2,0,0.809049666,0,Student,Rural,Criminal Background
48,0,1,2,1,0,Student,Urban,Criminal Background
34,1,0,3,0.012529794,0,Unemployed,Urban,No Criminal Background
42,0,1,1,1,1,Employed,Urban,Criminal Background
49,0,3,4,0.276552189,1,Unemployed,Urban,No Criminal Background
29,0,1,4,0.631909657,0,Student,Rural,Criminal Background
66,0,2,2,1,0,Unemployed,Urban,Criminal Background
30,1,1,3,1,0,Unemployed,Rural,Criminal Background
36,0,3,3,0.981120226,0,Part-Time,Urban,Criminal Background
61,0,1,1,1,0,Part-Time,Urban,No Criminal Background
65,1,2,3,0.447156957,0,Student,Urban,Criminal Background
42,0,0,2,0.758100201,0,Employed,Rural,No Criminal Background
48,1,3,3,0.429526285,1,Student,Urban,No Criminal Background
54,1,1,2,0.420860061,1,Employed,Urban,Criminal Background
42,0,2,4,0.522230447,0,Part-Time,Urban,Criminal Background
33,0,3,4,0.817383748,1,Employed,Urban,No Criminal Background
55,0,3,4,0.6977548,0,Unemployed,Urban,Criminal Background
60,0,2,0,1,1,Unemployed,Rural,Criminal Background
66,0,1,4,0.98368839,0,Part-Time,Urban,No Criminal Background
40,1,1,2,0.025802861,1,Student,Rural,Criminal Background
31,0,1,1,0.873510086,0,Employed,Rural,Criminal Background
23,1,3,3,0.458399679,0,Student,Rural,Criminal Background
42,0,0,4,0.502291888,0,Employed,Urban,No Criminal Background
40,1,3,0,0.859291707,0,Part-Time,Rural,No Criminal Background
60,0,1,0,0.831268923,0,Unemployed,Urban,No Criminal Background
29,0,3,2,1,0,Unemployed,Rural,Criminal Background
30,0,0,1,0.784086152,1,Employed,Urban,Criminal Background
53,0,3,4,0.60812401,0,Student,Urban,No Criminal Background
56,0,2,4,0.829991774,0,Part-Time,Urban,Criminal Background
51,1,1,0,0.050620747,0,Part-Time,Urban,No Criminal Background
23,0,1,2,0.035750424,0,Student,Urban,No Criminal Background
55,0,1,0,0.132850492,0,Unemployed,Rural,Criminal Background
67,0,3,0,0.481321858,1,Student,Urban,No Criminal Background
69,1,3,1,0.284306051,0,Unemployed,Rural,Criminal Background
57,0,3,2,1,0,Employed,Urban,Criminal Background
25,1,1,1,0.715822983,0,Part-Time,Urban,Criminal Background
25,0,3,2,0.728657321,0,Employed,Urban,No Criminal Background
57,1,1,4,0.334584163,0,Student,Urban,Criminal Background
50,0,3,3,0.353976599,0,Student,Urban,Criminal Background
51,0,1,3,0.442809727,1,Employed,Urban,Criminal Background
61,1,2,2,0.768609276,0,Student,Urban,Criminal Background
32,0,3,3,0.521076828,0,Student,Urban,No Criminal Background
53,1,1,0,0.621220383,0,Student,Urban,No Criminal Background
52,0,2,4,0.752139789,1,Part-Time,Rural,Criminal Background
63,0,2,4,0.887977463,1,Part-Time,Rural,Criminal Background
39,1,0,3,0.109121471,0,Unemployed,Rural,No Criminal Background
40,0,3,2,0.854561303,1,Part-Time,Urban,Criminal Background
57,1,1,0,0.709676187,0,Employed,Rural,Criminal Background
62,1,0,2,0.669095445,0,Employed,Urban,No Criminal Background
68,0,3,3,0.360306941,1,Part-Time,Urban,No Criminal Background
39,0,2,4,0.45032552,1,Employed,Urban,Criminal Background
22,0,3,4,0.266996522,1,Student,Rural,No Criminal Background
48,1,1,2,1,1,Part-Time,Rural,No Criminal Background
30,1,2,1,0.62870876,1,Unemployed,Urban,Criminal Background
45,0,0,2,1,0,Unemployed,Urban,Criminal Background
37,1,3,1,0.514275277,0,Part-Time,Rural,No Criminal Background
50,1,3,2,0.230738828,0,Employed,Rural,Criminal Background
33,1,0,1,0.532825017,1,Part-Time,Rural,Criminal Background
46,1,3,1,0.04157535,0,Part-Time,Rural,No Criminal Background
40,0,3,1,1,0,Unemployed,Rural,Criminal Background
41,0,3,1,0.94542554,1,Student,Rural,No Criminal Background
51,0,2,0,0.838322701,1,Student,Rural,No Criminal Background
24,1,2,1,0.640318051,0,Part-Time,Rural,Criminal Background
55,1,1,1,0.840179805,0,Unemployed,Rural,No Criminal Background
54,1,3,4,1,0,Unemployed,Urban,Criminal Background
21,1,1,0,0.333596921,0,Part-Time,Urban,Criminal Background
51,0,2,1,0.943418082,0,Part-Time,Urban,Criminal Background
59,1,3,3,0.58140477,1,Part-Time,Urban,Criminal Background
39,1,1,0,1,0,Student,Rural,No Criminal Background
22,0,3,4,0.910583502,0,Part-Time,Urban,Criminal Background
67,0,3,2,1,0,Unemployed,Urban,No Criminal Background
59,0,0,4,0.647157494,0,Part-Time,Urban,Criminal Background
40,1,1,4,0.296384194,0,Unemployed,Rural,Criminal Background
32,1,2,0,0.608202096,1,Unemployed,Rural,No Criminal Background
48,1,1,0,0.985600032,1,Employed,Rural,No Criminal Background
26,1,1,3,1,0,Unemployed,Urban,Criminal Background
60,1,1,3,0.000611987,1,Employed,Urban,No Criminal Background
42,1,0,0,0.555529797,0,Part-Time,Urban,No Criminal Background
42,0,3,0,0.258758038,0,Employed,Urban,No Criminal Background
66,1,2,0,0.918657425,0,Student,Rural,Criminal Background
38,0,0,2,0.176605788,0,Student,Rural,Criminal Background
26,0,2,4,0.733101875,0,Student,Urban,Criminal Background
65,0,0,3,0.292668409,0,Part-Time,Urban,No Criminal Background
55,1,3,3,0.430524638,0,Unemployed,Rural,Criminal Background
39,1,2,1,0.940559261,0,Student,Urban,Criminal Background
60,0,1,2,0.333261102,0,Employed,Rural,No Criminal Background
40,1,0,0,0.0997529,0,Part-Time,Rural,Criminal Background
66,1,2,0,0.072749147,0,Part-Time,Rural,Criminal Background
21,0,3,2,0.555076621,0,Employed,Urban,Criminal Background
46,1,2,3,0.673797056,0,Employed,Rural,No Criminal Background
32,1,0,0,0.327293644,1,Part-Time,Urban,No Criminal Background
18,1,3,1,0.690259742,0,Part-Time,Urban,Criminal Background
47,1,1,3,0.097281644,0,Unemployed,Rural,Criminal Background
46,0,0,4,0.943068109,0,Part-Time,Urban,No Criminal Background
37,0,0,2,0.898223931,0,Employed,Urban,No Criminal Background
50,1,3,3,1,1,Part-Time,Rural,No Criminal Background
58,1,0,4,0.936504981,0,Part-Time,Urban,Criminal Background
61,1,2,1,0.356197164,0,Employed,Urban,Criminal Background
53,0,1,2,0.606100033,1,Unemployed,Urban,No Criminal Background
39,1,2,0,0.745964847,0,Part-Time,Urban,No Criminal Background
30,1,3,0,0.134082772,0,Student,Urban,Criminal Background
24,0,0,4,0.379957799,1,Student,Urban,No Criminal Background
25,1,1,3,0.156474037,1,Employed,Urban,Criminal Background
45,0,3,1,0.500375094,0,Employed,Urban,No Criminal Background
62,1,2,4,0.55200428,0,Employed,Urban,Criminal Background
60,0,0,1,0.232276517,1,Student,Urban,No Criminal Background
26,1,0,1,0.027963271,0,Employed,Rural,Criminal Background
42,1,3,1,0.719355832,0,Student,Urban,No Criminal Background
33,0,2,2,0.02657186,0,Unemployed,Rural,Criminal Background
27,0,0,4,1,0,Employed,Urban,Criminal Background
28,0,2,2,0.243767982,0,Part-Time,Urban,Criminal Background
48,0,1,3,1,0,Unemployed,Urban,No Criminal Background
29,0,0,3,0.502138244,1,Student,Rural,Criminal Background
48,1,1,0,0.078769496,0,Employed,Urban,Criminal Background
31,0,0,0,0.571342164,0,Part-Time,Urban,Criminal Background
68,0,3,0,0.568436698,0,Student,Urban,No Criminal Background
61,0,0,3,1,1,Unemployed,Urban,No Criminal Background
49,0,0,1,0.845863175,0,Part-Time,Rural,No Criminal Background
67,1,2,1,0.091197846,0,Unemployed,Urban,Criminal Background
34,1,2,4,0.219620818,0,Employed,Rural,No Criminal Background
52,1,1,3,0.374265221,0,Part-Time,Urban,Criminal Background
18,1,1,0,0.153658146,1,Employed,Urban,No Criminal Background
46,1,1,3,0.633262112,0,Student,Rural,No Criminal Background
68,0,0,1,1,0,Student,Rural,No Criminal Background
21,1,0,1,0.59180471,1,Unemployed,Urban,Criminal Background
40,1,1,2,0.934771532,0,Employed,Rural,Criminal Background
45,0,3,2,0.751231577,0,Employed,Urban,No Criminal Background
33,0,3,4,0.934902579,0,Part-Time,Urban,No Criminal Background
29,1,0,3,0.21572349,0,Student,Urban,Criminal Background
38,1,3,2,0.791517575,0,Employed,Rural,Criminal Background
62,0,3,2,1,0,Employed,Rural,Criminal Background
34,1,1,3,0.205811788,0,Employed,Urban,Criminal Background
57,0,3,1,0.419630686,0,Student,Urban,No Criminal Background
30,0,3,4,1,0,Student,Urban,No Criminal Background
69,1,0,4,0.819827238,1,Student,Rural,No Criminal Background
49,1,0,4,0.34122843,1,Unemployed,Rural,Criminal Background
54,1,0,2,0.620335947,0,Student,Urban,Criminal Background
67,0,3,1,0.444758735,1,Student,Urban,No Criminal Background
32,0,1,4,0.679091734,0,Student,Rural,No Criminal Background
29,1,2,3,0.372924501,0,Part-Time,Rural,No Criminal Background
66,1,0,4,0.322627326,0,Part-Time,Rural,No Criminal Background
32,1,0,0,0.708501193,0,Employed,Rural,No Criminal Background
51,0,0,1,0.856395997,0,Part-Time,Urban,Criminal Background
23,0,1,0,1,0,Unemployed,Rural,No Criminal Background
34,0,2,1,0.206317029,0,Unemployed,Rural,Criminal Background
65,1,2,3,0.822855524,0,Employed,Urban,Criminal Background
66,0,0,2,0.294294952,1,Employed,Rural,Criminal Background
37,0,3,2,0.56760956,0,Unemployed,Rural,No Criminal Background
26,1,0,1,1,0,Unemployed,Urban,Criminal Background
22,0,0,4,0.574947055,1,Unemployed,Urban,No Criminal Background
40,1,3,0,0.197063534,0,Employed,Urban,No Criminal Background
50,0,3,3,0.202233849,0,Unemployed,Urban,Criminal Background
55,1,0,4,0.54629625,0,Employed,Rural,No Criminal Background
31,1,1,2,1,1,Unemployed,Urban,Criminal Background
34,0,1,4,1,1,Unemployed,Urban,No Criminal Background
36,1,3,0,0.82677906,0,Part-Time,Rural,No Criminal Background
50,0,0,2,1,0,Unemployed,Urban,Criminal Background
18,1,1,1,0.897398833,0,Employed,Urban,Criminal Background
30,1,0,3,1,0,Unemployed,Urban,No Criminal Background
63,1,0,3,0.08010822,1,Student,Rural,Criminal Background
44,0,0,2,1,0,Part-Time,Rural,Criminal Background
23,1,1,1,0.574392517,0,Unemployed,Rural,No Criminal Background
23,1,2,0,1,0,Unemployed,Rural,Criminal Background
50,0,0,3,0.083306121,0,Student,Urban,Criminal Background
47,1,1,2,0.901206126,1,Student,Rural,No Criminal Background
63,1,2,3,0.772473186,1,Student,Rural,Criminal Background
52,1,3,1,0.996910889,0,Student,Urban,No Criminal Background
40,1,1,0,0.968757641,1,Student,Rural,Criminal Background
27,0,2,1,0.44187263,0,Student,Rural,No Criminal Background
68,1,1,4,0.807453151,0,Unemployed,Rural,Criminal Background
36,1,2,1,0.384878485,0,Employed,Rural,No Criminal Background
68,0,2,1,0.260361766,0,Unemployed,Rural,No Criminal Background
45,1,1,3,0.342933212,0,Unemployed,Urban,No Criminal Background
40,1,3,1,0.280843326,0,Unemployed,Urban,Criminal Background
21,0,0,2,0.603696863,0,Part-Time,Urban,No Criminal Background
37,0,2,3,1,0,Employed,Rural,No Criminal Background
36,0,0,3,1,0,Employed,Urban,Criminal Background
59,0,3,4,0.060240155,0,Part-Time,Urban,No Criminal Background
44,1,0,2,0.083894371,0,Employed,Rural,No Criminal Background
51,0,0,1,0.269630963,1,Part-Time,Urban,No Criminal Background
21,1,1,4,0.351982044,0,Unemployed,Urban,No Criminal Background
55,0,1,2,0.131516397,0,Employed,Rural,Criminal Background
24,1,3,4,0.491406127,0,Unemployed,Urban,Criminal Background
65,0,1,0,0.775797518,0,Student,Urban,Criminal Background
24,0,2,1,0.767943943,0,Unemployed,Rural,No Criminal Background
67,1,3,4,0.570601165,0,Employed,Rural,Criminal Background
69,0,1,0,0.539809181,0,Unemployed,Rural,No Criminal Background
43,0,1,1,1,1,Unemployed,Rural,No Criminal Background
43,0,3,4,0.954588952,0,Part-Time,Rural,Criminal Background
36,1,2,4,0.36358798,0,Employed,Rural,No Criminal Background
26,0,3,4,0.113612341,0,Unemployed,Rural,No Criminal Background
37,0,1,4,0.391155931,0,Part-Time,Urban,Criminal Background
59,1,1,3,0.190392955,0,Employed,Rural,Criminal Background
62,1,3,4,0.53979933,0,Student,Rural,No Criminal Background
67,0,2,3,0.197257966,0,Unemployed,Urban,No Criminal Background
33,1,2,3,0.558885045,1,Unemployed,Rural,No Criminal Background
34,1,0,0,0.293547092,0,Unemployed,Rural,No Criminal Background
39,1,2,1,0.981219591,1,Unemployed,Rural,Criminal Background
30,0,3,3,0.034873825,0,Unemployed,Urban,Criminal Background
29,0,2,2,0.610220934,0,Student,Urban,No Criminal Background
27,1,2,3,0.186437102,0,Student,Urban,Criminal Background
18,0,0,2,0.001091051,0,Employed,Urban,No Criminal Background
49,1,2,0,0.912660092,0,Employed,Rural,Criminal Background
47,0,0,2,0.738680567,1,Part-Time,Urban,Criminal Background
25,1,0,0,0.098942822,0,Part-Time,Urban,No Criminal Background
38,0,2,0,0.730479604,1,Part-Time,Urban,Criminal Background
39,1,1,0,0.770675639,1,Student,Rural,No Criminal Background
35,0,3,2,0.520692356,0,Employed,Urban,Criminal Background
19,0,3,2,0.532667414,0,Employed,Rural,Criminal Background
65,1,2,0,0.931423251,0,Student,Rural,No Criminal Background
61,0,3,0,0.283145963,1,Employed,Rural,Criminal Background
26,0,3,1,0.503862222,1,Unemployed,Urban,Criminal Background
20,0,0,0,0.380128302,0,Employed,Rural,No Criminal Background
43,0,1,4,1,0,Employed,Rural,Criminal Background
38,0,3,1,1,0,Unemployed,Urban,Criminal Background
47,0,1,1,1,1,Part-Time,Urban,No Criminal Background
45,0,3,1,0.921348039,1,Part-Time,Rural,No Criminal Background
53,0,1,4,1,0,Part-Time,Rural,Criminal Background
43,1,1,1,0.966242347,0,Student,Rural,Criminal Background
51,0,3,1,0.997587198,0,Unemployed,Rural,No Criminal Background
25,1,0,2,1,0,Unemployed,Rural,No Criminal Background
27,0,1,2,0.01015062,1,Student,Urban,Criminal Background
65,1,1,0,0.918736097,0,Unemployed,Rural,Criminal Background
60,0,3,0,0.853512119,0,Employed,Rural,No Criminal Background
67,1,1,3,1,0,Part-Time,Urban,Criminal Background
31,1,1,4,1,0,Unemployed,Rural,Criminal Background
57,0,0,2,1,0,Unemployed,Rural,No Criminal Background
32,1,1,0,1,1,Part-Time,Rural,Criminal Background
34,0,0,4,0.591117107,0,Student,Urban,Criminal Background
35,0,1,1,0.010550378,0,Part-Time,Rural,No Criminal Background
49,1,1,4,0.014591806,0,Student,Urban,Criminal Background
55,0,0,2,0.599102961,0,Student,Urban,Criminal Background
40,1,0,3,0.435272239,0,Employed,Urban,No Criminal Background
63,1,2,2,0.473807306,0,Part-Time,Rural,No Criminal Background
40,0,1,0,0.607814391,0,Unemployed,Urban,No Criminal Background
52,0,0,0,1,0,Student,Rural,Criminal Background
56,0,1,4,0.497810107,1,Employed,Rural,Criminal Background
32,0,1,2,1,0,Part-Time,Urban,Criminal Background
41,0,1,0,1,0,Student,Rural,Criminal Background
45,1,3,1,0.49950177,0,Employed,Urban,No Criminal Background
33,1,2,1,0.513978743,1,Unemployed,Urban,No Criminal Background
33,0,3,3,0.878978798,0,Student,Rural,No Criminal Background
57,0,2,4,0.817707091,0,Student,Rural,Criminal Background
56,0,1,0,0.523652122,0,Unemployed,Rural,No Criminal Background
23,1,1,3,0.148592234,0,Unemployed,Rural,Criminal Background
19,1,0,1,0.319809273,1,Unemployed,Rural,Criminal Background
30,1,2,3,0.131028506,1,Student,Urban,Criminal Background
61,0,2,3,0.340415779,0,Employed,Rural,No Criminal Background
64,0,3,0,0.302403908,1,Employed,Rural,Criminal Background
26,1,2,0,0.847040199,0,Unemployed,Rural,Criminal Background
51,0,1,0,1,0,Employed,Urban,No Criminal Background
34,0,0,4,0.867465821,1,Unemployed,Urban,No Criminal Background
44,1,3,3,1,0,Unemployed,Urban,Criminal Background
46,1,0,3,0.823338872,0,Part-Time,Rural,Criminal Background
54,0,2,4,0.800665384,1,Employed,Urban,Criminal Background
60,1,2,1,0.41406194,0,Student,Urban,No Criminal Background
39,0,3,2,0.375137651,0,Part-Time,Rural,No Criminal Background
68,1,2,1,1,0,Unemployed,Rural,No Criminal Background
41,1,0,4,0.950662895,1,Part-Time,Rural,No Criminal Background
24,0,1,3,0.685957625,1,Unemployed,Urban,No Criminal Background
51,0,3,3,0.011464819,0,Unemployed,Urban,Criminal Background
65,1,2,0,1,1,Unemployed,Urban,Criminal Background
29,0,0,0,0.329254511,1,Employed,Rural,Criminal Background
40,1,1,3,0.014327516,0,Unemployed,Rural,Criminal Background
32,0,2,3,1,1,Unemployed,Urban,No Criminal Background
50,1,3,0,0.517414189,0,Employed,Urban,No Criminal Background
30,1,2,0,0.753731821,0,Employed,Urban,Criminal Background
40,1,2,1,1,0,Unemployed,Rural,Criminal Background
55,0,2,3,0.625055774,0,Employed,Rural,No Criminal Background
49,1,1,3,0.603832887,0,Student,Urban,Criminal Background
62,1,1,4,0.4028577,0,Student,Rural,Criminal Background
67,1,2,1,0.368521555,0,Unemployed,Rural,No Criminal Background
52,1,2,2,0.836369169,0,Part-Time,Rural,Criminal Background
18,0,3,2,0.49393217,0,Employed,Urban,No Criminal Background
64,0,2,2,0.179878829,1,Part-Time,Urban,Criminal Background
62,1,0,0,0.109180722,1,Student,Rural,Criminal Background
22,1,0,2,0.628156145,1,Unemployed,Rural,Criminal Background
30,0,3,4,0.562595579,0,Student,Urban,No Criminal Background
22,1,1,0,0.784149934,1,Employed,Urban,No Criminal Background
49,0,2,0,0.518174226,0,Employed,Urban,No Criminal Background
68,1,3,2,0.16499706,0,Unemployed,Urban,No Criminal Background
38,0,1,0,0.703814798,0,Employed,Rural,No Criminal Background
41,1,3,1,0.997468344,0,Employed,Urban,No Criminal Background
35,0,1,1,0.23150893,1,Employed,Urban,Criminal Background
38,0,2,2,0.758730105,0,Part-Time,Urban,Criminal Background
27,0,3,4,0.75123197,0,Unemployed,Urban,Criminal Background
41,1,2,0,0.946960944,1,Unemployed,Urban,Criminal Background
57,0,3,3,0.200034813,0,Unemployed,Rural,No Criminal Background
64,0,1,2,1,1,Employed,Rural,Criminal Background
38,1,3,0,0.652014749,1,Employed,Rural,No Criminal Background
42,1,0,2,0.931778251,0,Employed,Urban,Criminal Background
69,1,0,2,0.283597778,0,Unemployed,Urban,Criminal Background
40,1,3,4,0.776383534,0,Part-Time,Rural,No Criminal Background
39,0,0,3,0.859133775,0,Student,Urban,No Criminal Background
21,1,2,0,0.457050563,0,Unemployed,Urban,Criminal Background
51,1,0,2,0.441546471,0,Unemployed,Urban,No Criminal Background
23,1,0,2,0.657796265,1,Part-Time,Urban,No Criminal Background
45,1,2,0,0.093407682,1,Student,Urban,Criminal Background
48,1,2,2,0.73562415,1,Student,Urban,No Criminal Background
52,1,1,2,0.054037317,0,Employed,Rural,No Criminal Background
56,1,2,2,0.209649331,0,Student,Urban,No Criminal Background
59,0,3,1,0.76708604,0,Employed,Rural,Criminal Background
40,0,0,1,0.124379439,0,Unemployed,Urban,No Criminal Background
23,0,1,3,1,1,Part-Time,Urban,No Criminal Background
33,0,2,4,1,1,Unemployed,Urban,No Criminal Background
19,0,0,0,0.688932566,0,Student,Urban,Criminal Background
41,1,3,4,0.989011878,1,Unemployed,Rural,Criminal Background
34,1,3,4,0.887580049,0,Part-Time,Urban,Criminal Background
62,1,1,1,0.326939318,0,Part-Time,Rural,No Criminal Background
18,1,3,3,0.981070384,0,Employed,Rural,Criminal Background
23,0,0,4,0.258734843,0,Unemployed,Rural,No Criminal Background
22,0,2,4,0.477410315,1,Part-Time,Rural,Criminal Background
62,1,3,2,0.558259631,1,Part-Time,Urban,Criminal Background
67,1,2,0,0.749585511,0,Part-Time,Rural,No Criminal Background
46,0,0,3,0.036470994,0,Part-Time,Urban,No Criminal Background
29,0,0,0,0.369092209,0,Student,Rural,No Criminal Background
56,0,2,1,0.808265492,1,Unemployed,Rural,No Criminal Background
64,1,0,4,0.43152268,1,Unemployed,Rural,No Criminal Background
20,1,1,4,1,1,Unemployed,Urban,No Criminal Background
65,0,3,0,0.827924071,1,Student,Rural,No Criminal Background
18,0,1,1,0.309409919,0,Student,Urban,Criminal Background
44,1,1,2,0.183870514,0,Part-Time,Rural,Criminal Background
65,1,1,2,0.792599212,0,Student,Rural,Criminal Background
41,1,2,4,0.472990694,0,Employed,Rural,No Criminal Background
61,1,2,4,0.168957041,1,Student,Urban,Criminal Background
36,0,0,3,0.359011626,1,Part-Time,Urban,No Criminal Background
25,0,2,0,0.42168955,0,Unemployed,Urban,Criminal Background
61,0,0,4,0.124892428,0,Student,Rural,Criminal Background
64,1,2,1,0.660392641,0,Unemployed,Rural,No Criminal Background
19,1,0,0,0.922105725,0,Unemployed,Rural,Criminal Background
47,1,3,3,0.604240233,0,Employed,Rural,Criminal Background
47,0,0,2,0.908920501,0,Employed,Urban,Criminal Background
66,0,3,3,0.147341672,1,Student,Rural,Criminal Background
56,0,0,0,0.551049,0,Unemployed,Urban,Criminal Background
62,1,2,2,0.609415104,0,Part-Time,Urban,No Criminal Background
49,1,2,1,0.777401795,0,Unemployed,Urban,No Criminal Background
18,0,3,2,1,1,Unemployed,Rural,Criminal Background
55,1,1,2,0.874758513,1,Employed,Urban,No Criminal Background
30,0,1,1,0.859887352,0,Employed,Urban,No Criminal Background
28,0,0,4,0.114015988,1,Employed,Urban,Criminal Background
27,0,2,4,0.803078058,0,Employed,Rural,No Criminal Background
65,0,1,2,0.956713107,0,Student,Urban,No Criminal Background
43,1,2,2,0.993479934,0,Student,Urban,No Criminal Background
37,1,2,3,0.797366802,0,Unemployed,Urban,Criminal Background
34,1,2,4,0.686830396,0,Student,Urban,Criminal Background
34,1,0,1,0.51481329,1,Part-Time,Urban,Criminal Background
21,1,3,2,0.998111345,1,Unemployed,Urban,Criminal Background
22,1,0,2,1,0,Unemployed,Rural,Criminal Background
40,0,1,3,1,0,Part-Time,Urban,Criminal Background
63,1,3,3,0.739594206,0,Unemployed,Rural,Criminal Background
69,1,1,3,0.099483082,0,Part-Time,Rural,No Criminal Background
27,1,3,0,0.763076088,0,Employed,Rural,Criminal Background
63,0,3,1,0.900227473,0,Employed,Rural,No Criminal Background
45,1,0,0,0.775568148,1,Employed,Urban,Criminal Background
50,0,2,2,0.143861474,1,Part-Time,Rural,Criminal Background
60,1,2,3,0.6537325,0,Student,Urban,Criminal Background
43,1,3,3,0.325296295,0,Student,Urban,Criminal Background
67,1,0,3,0.87431193,0,Unemployed,Urban,No Criminal Background
65,0,1,4,0.3331583,0,Employed,Rural,Criminal Background
46,0,1,1,0.993137039,0,Employed,Urban,No Criminal Background
44,1,2,0,0.339241889,0,Unemployed,Urban,No Criminal Background
35,1,2,1,0.009444007,0,Employed,Rural,No Criminal Background
57,1,1,3,0.760029494,1,Employed,Urban,Criminal Background
27,0,1,2,0.14951519,0,Part-Time,Urban,Criminal Background
59,0,0,4,0.834003713,1,Unemployed,Urban,No Criminal Background
22,1,1,1,1,0,Part-Time,Rural,Criminal Background
27,0,0,2,1,1,Employed,Urban,Criminal Background
67,0,2,3,0.285466936,0,Employed,Urban,Criminal Background
38,0,1,3,1,0,Unemployed,Urban,No Criminal Background
41,0,2,3,0.427799465,0,Employed,Urban,No Criminal Background
55,1,3,3,1,0,Student,Rural,No Criminal Background
20,1,3,4,0.826864047,0,Part-Time,Rural,No Criminal Background
57,0,3,4,0.085379583,1,Part-Time,Rural,No Criminal Background
48,0,1,1,0.591162915,1,Student,Urban,Criminal Background
58,0,2,3,0.42670705,0,Unemployed,Urban,No Criminal Background
54,1,1,4,1,0,Unemployed,Urban,No Criminal Background
19,1,2,2,0.430799996,0,Employed,Rural,No Criminal Background
19,0,0,4,0.909304539,1,Unemployed,Rural,No Criminal Background
56,0,1,4,0.795214537,1,Student,Urban,Criminal Background
66,0,3,1,1,0,Unemployed,Urban,Criminal Background
59,0,0,4,1,0,Employed,Urban,No Criminal Background
61,1,2,2,0.44908449,1,Student,Rural,Criminal Background
51,1,1,3,0.868293854,0,Employed,Urban,No Criminal Background
59,1,2,0,0.870933099,0,Part-Time,Rural,No Criminal Background
37,1,2,1,1,0,Part-Time,Rural,No Criminal Background
50,1,1,2,0.094025284,1,Unemployed,Urban,Criminal Background
21,1,1,1,0.362494559,0,Student,Urban,Criminal Background
62,0,2,3,0.352253045,1,Student,Urban,No Criminal Background
61,0,2,4,0.501785074,0,Student,Rural,No Criminal Background
28,1,0,4,0.169264751,0,Employed,Urban,No Criminal Background
59,1,3,2,0.521016174,0,Student,Rural,Criminal Background
64,1,2,3,0.8008313,1,Unemployed,Rural,No Criminal Background
22,0,3,0,0.547100312,0,Part-Time,Urban,No Criminal Background
42,0,0,0,0.842228265,0,Unemployed,Urban,Criminal Background
66,0,3,4,0.076740085,0,Part-Time,Rural,No Criminal Background
54,0,3,3,1,0,Part-Time,Rural,Criminal Background
51,1,0,3,1,1,Unemployed,Urban,No Criminal Background
26,0,2,2,0.713683075,0,Part-Time,Rural,Criminal Background
23,1,3,0,0.881390999,1,Part-Time,Urban,No Criminal Background
35,0,2,2,0.15904968,1,Employed,Urban,No Criminal Background
31,0,2,1,1,0,Unemployed,Urban,Criminal Background
36,0,1,3,0.198953653,1,Unemployed,Urban,No Criminal Background
31,0,2,0,0.54193959,0,Unemployed,Rural,Criminal Background
57,1,2,2,0.323818535,0,Part-Time,Urban,No Criminal Background
34,1,3,4,0.585591825,0,Student,Urban,Criminal Background
52,1,2,1,0.316590262,1,Student,Rural,No Criminal Background
46,1,2,2,0.669179311,0,Part-Time,Rural,Criminal Background
59,1,1,4,0.440864747,0,Student,Urban,Criminal Background
34,1,1,0,1,1,Student,Urban,No Criminal Background
60,1,3,0,0.665578032,1,Part-Time,Rural,No Criminal Background
25,0,3,1,0.285969963,0,Unemployed,Rural,Criminal Background
18,1,1,4,0.403355306,0,Employed,Urban,Criminal Background
62,0,1,3,1,0,Unemployed,Rural,Criminal Background
53,1,0,0,0.466674298,0,Unemployed,Rural,No Criminal Background
24,0,2,3,0.711675109,0,Unemployed,Rural,Criminal Background
63,1,3,3,0.681389033,0,Employed,Rural,Criminal Background
22,0,3,2,0.439979207,0,Unemployed,Urban,Criminal Background
41,1,2,2,0.293978631,1,Student,Urban,No Criminal Background
45,1,2,0,0.475254903,0,Employed,Urban,No Criminal Background
60,1,3,3,0.214880972,0,Student,Urban,No Criminal Background
34,1,1,2,0.35810534,0,Employed,Rural,Criminal Background
54,0,1,4,0.086040779,0,Student,Rural,Criminal Background
37,1,2,4,0.367044108,0,Unemployed,Rural,No Criminal Background
20,1,3,4,0.387250193,0,Unemployed,Rural,No Criminal Background
54,0,2,4,1,0,Unemployed,Urban,No Criminal Background
43,1,1,3,0.77844205,0,Student,Urban,No Criminal Background
32,0,0,4,0.909426701,0,Student,Rural,Criminal Background
68,0,0,3,0.049914978,0,Part-Time,Urban,No Criminal Background
65,1,1,0,0.127844032,0,Student,Urban,No Criminal Background
25,1,2,0,0.855263809,0,Employed,Rural,Criminal Background
30,0,0,4,0.867669198,0,Unemployed,Urban,Criminal Background
65,1,1,4,0.229178437,0,Employed,Urban,No Criminal Background
20,0,3,4,0.514292563,1,Part-Time,Rural,No Criminal Background
18,1,2,0,0.565606125,0,Part-Time,Rural,No Criminal Background
26,1,2,2,0.885790321,1,Student,Rural,No Criminal Background
48,0,0,0,0.076421169,1,Unemployed,Urban,Criminal Background
58,1,2,4,0.626558404,1,Employed,Rural,No Criminal Background
43,1,0,2,0.752887718,0,Part-Time,Rural,No Criminal Background
34,1,0,2,0.977891858,1,Part-Time,Urban,No Criminal Background
51,0,1,1,1,1,Employed,Urban,No Criminal Background
26,1,0,3,0.319042547,0,Part-Time,Rural,Criminal Background
68,0,3,4,0.780537113,0,Employed,Urban,No Criminal Background
30,1,2,3,0.965546524,1,Unemployed,Urban,Criminal Background
22,0,0,1,0.842844502,0,Student,Rural,No Criminal Background
58,1,2,3,0.861151271,0,Employed,Rural,No Criminal Background
30,1,0,4,1,1,Unemployed,Urban,No Criminal Background
18,0,1,1,0.150066178,0,Employed,Rural,Criminal Background
42,1,3,3,0.115240243,0,Part-Time,Urban,Criminal Background
64,0,2,0,1,0,Unemployed,Urban,No Criminal Background
21,1,1,2,0.333131669,0,Employed,Urban,Criminal Background
53,0,2,1,0.074054899,1,Unemployed,Urban,Criminal Background
69,1,1,0,0.556103645,0,Employed,Rural,No Criminal Background
27,0,3,4,0.901864603,1,Employed,Urban,Criminal Background
45,1,0,2,0.152827266,0,Unemployed,Rural,Criminal Background
23,0,1,1,1,0,Unemployed,Urban,Criminal Background
44,0,2,2,0.004574065,0,Unemployed,Urban,Criminal Background
29,1,2,1,0.11522432,0,Part-Time,Rural,Criminal Background
69,0,1,1,0.534906437,1,Student,Rural,No Criminal Background
65,0,3,3,0.091962509,0,Employed,Urban,No Criminal Background
20,1,3,2,0.930491834,1,Employed,Urban,No Criminal Background
63,1,0,2,1,0,Unemployed,Rural,Criminal Background
50,1,0,0,0.793349238,0,Employed,Rural,No Criminal Background
27,1,2,4,0.254603613,0,Student,Rural,Criminal Background
48,1,2,0,0.523247075,1,Student,Urban,No Criminal Background
32,1,0,3,0.193397952,0,Employed,Rural,Criminal Background
24,0,0,1,0.309406295,0,Employed,Urban,Criminal Background
53,0,0,3,0.685384029,0,Unemployed,Rural,Criminal Background
31,0,1,3,1,0,Student,Rural,No Criminal Background
65,1,0,0,0.099387099,0,Employed,Rural,Criminal Background
31,1,1,1,0.356036037,0,Student,Urban,No Criminal Background
20,0,1,4,1,1,Employed,Rural,Criminal Background
66,0,0,3,0.495637432,0,Part-Time,Rural,Criminal Background
63,1,3,4,0.938869674,0,Student,Urban,No Criminal Background
67,0,3,1,1,0,Part-Time,Rural,No Criminal Background
20,1,2,1,0.66622468,0,Unemployed,Urban,Criminal Background
39,1,0,0,0.316848411,0,Student,Urban,Criminal Background
36,0,2,2,0.869854489,1,Employed,Urban,Criminal Background
52,1,0,0,0.167276272,1,Employed,Rural,No Criminal Background
29,1,2,4,0.264649203,0,Part-Time,Rural,Criminal Background
22,1,1,0,1,0,Student,Urban,Criminal Background
27,1,0,1,0.433645925,1,Student,Urban,Criminal Background
58,0,3,3,0.221691731,1,Student,Urban,Criminal Background
50,1,0,2,0.786234337,0,Unemployed,Rural,No Criminal Background
30,1,2,1,0.732761861,0,Student,Urban,No Criminal Background
52,0,2,3,0.17403663,1,Unemployed,Urban,No Criminal Background
68,1,2,4,0.290829273,0,Employed,Rural,No Criminal Background
49,1,2,4,0.232340593,0,Part-Time,Rural,Criminal Background
28,0,2,4,0.417840092,1,Part-Time,Urban,Criminal Background
65,0,2,0,0.839789385,1,Student,Urban,No Criminal Background
55,1,3,4,0.713708102,0,Part-Time,Urban,Criminal Background
41,1,2,4,0.66252391,0,Student,Urban,Criminal Background
52,0,3,0,0.007259805,0,Employed,Rural,Criminal Background
36,1,0,3,0.142143313,1,Employed,Urban,No Criminal Background
23,1,1,1,0.281354912,1,Employed,Rural,No Criminal Background
57,1,3,2,0.285553638,1,Part-Time,Rural,No Criminal Background
62,0,0,4,0.161069196,0,Student,Urban,Criminal Background
61,1,1,4,0.594547234,0,Unemployed,Rural,Criminal Background
59,0,3,4,0.082698644,0,Employed,Urban,Criminal Background
52,0,3,0,0.86627563,0,Employed,Rural,No Criminal Background
21,0,0,0,0.996466796,0,Unemployed,Urban,No Criminal Background
50,0,2,0,0.839046704,0,Unemployed,Rural,No Criminal Background
30,1,3,2,0.103609133,0,Part-Time,Rural,No Criminal Background
53,0,3,1,0.979091487,1,Employed,Urban,Criminal Background
60,1,0,4,1,0,Part-Time,Rural,Criminal Background
36,0,2,3,0.257102903,1,Employed,Rural,No Criminal Background
60,0,1,4,0.97663079,0,Part-Time,Rural,No Criminal Background
29,1,2,4,0.972439118,1,Part-Time,Rural,Criminal Background
28,0,2,4,0.788751875,0,Unemployed,Rural,Criminal Background
23,0,0,4,0.410781998,0,Student,Rural,No Criminal Background
29,1,2,1,0.502486651,0,Student,Rural,No Criminal Background
44,0,0,3,0.650837448,0,Student,Rural,No Criminal Background
58,0,1,0,0.555282943,0,Employed,Rural,Criminal Background
42,0,3,3,1,1,Unemployed,Urban,Criminal Background
59,1,3,4,0.898238856,0,Unemployed,Rural,Criminal Background
20,0,0,3,0.352559797,0,Unemployed,Rural,Criminal Background
20,1,0,4,0.644112906,0,Employed,Urban,Criminal Background
37,1,2,3,0.723123608,0,Part-Time,Rural,No Criminal Background
45,1,2,2,0.161880667,1,Part-Time,Rural,No Criminal Background
40,0,3,3,0.394268317,0,Student,Urban,No Criminal Background
65,0,3,0,1,0,Student,Rural,No Criminal Background
20,0,3,0,0.62389041,1,Employed,Urban,No Criminal Background
59,0,0,3,0.262567273,0,Employed,Urban,Criminal Background
41,1,1,3,0.17017973,1,Student,Rural,No Criminal Background
60,1,1,1,0.621872272,0,Part-Time,Urban,No Criminal Background
57,0,0,3,0.662699725,0,Part-Time,Urban,No Criminal Background
23,0,2,0,0.444185995,0,Unemployed,Rural,Criminal Background
37,1,1,2,0.794324196,0,Student,Rural,No Criminal Background
28,0,2,0,0.08310847,1,Student,Urban,Criminal Background
49,0,3,1,0.18439998,0,Part-Time,Rural,No Criminal Background
44,0,3,3,0.691036384,0,Unemployed,Urban,No Criminal Background
38,0,2,2,0.067997263,0,Student,Urban,Criminal Background
61,0,3,0,1,0,Part-Time,Rural,No Criminal Background
65,0,0,2,0.156361008,1,Part-Time,Urban,No Criminal Background
67,1,2,4,0.778377455,0,Part-Time,Rural,Criminal Background
30,1,2,0,0.472378156,1,Unemployed,Rural,No Criminal Background
39,1,2,4,0.482743705,1,Unemployed,Rural,Criminal Background
52,1,1,2,0.963760806,0,Part-Time,Rural,Criminal Background
64,0,2,3,0.6318196,1,Unemployed,Urban,Criminal Background
39,0,2,3,0.96385187,0,Unemployed,Rural,Criminal Background
45,1,2,3,0.67102025,0,Unemployed,Rural,Criminal Background
38,1,1,4,0.85911984,0,Unemployed,Rural,No Criminal Background
63,1,3,3,0.760714628,0,Employed,Urban,No Criminal Background
35,1,1,1,0.765209016,1,Student,Rural,No Criminal Background
48,1,0,0,0.67717662,0,Student,Urban,Criminal Background
63,0,2,0,0.998362783,0,Unemployed,Urban,No Criminal Background
54,0,0,2,1,0,Part-Time,Urban,Criminal Background
38,1,1,4,0.497265323,0,Student,Urban,No Criminal Background
31,1,3,0,0.766555864,0,Unemployed,Rural,Criminal Background
42,0,3,4,0.109610047,1,Student,Rural,Criminal Background
44,0,2,2,0.434152695,0,Part-Time,Urban,No Criminal Background
57,0,3,3,0.521242271,1,Unemployed,Urban,No Criminal Background
40,1,1,2,1,1,Part-Time,Rural,No Criminal Background
48,0,1,1,0.677677971,0,Student,Urban,Criminal Background
64,1,3,3,0.731066373,0,Employed,Urban,No Criminal Background
46,1,2,3,0.0190074,0,Part-Time,Urban,Criminal Background
64,0,2,3,0.616962388,1,Unemployed,Rural,No Criminal Background
47,0,1,2,1,0,Unemployed,Urban,Criminal Background
68,0,3,1,0.2467453,0,Part-Time,Urban,Criminal Background
43,1,1,4,0.037826622,0,Employed,Urban,No Criminal Background
37,0,1,2,0.660774955,0,Student,Rural,No Criminal Background
55,0,0,0,0.774875003,0,Student,Urban,No Criminal Background
36,1,1,0,0.572624019,0,Student,Rural,Criminal Background
44,0,2,2,0.584402447,0,Student,Rural,Criminal Background
42,0,3,4,0.850987305,0,Student,Rural,No Criminal Background
57,1,3,0,0.307174486,0,Unemployed,Rural,No Criminal Background
55,1,0,4,0.86467326,0,Unemployed,Urban,No Criminal Background
69,1,0,3,0.153113531,1,Part-Time,Urban,Criminal Background
40,1,2,2,0.415538136,0,Part-Time,Rural,Criminal Background
46,1,0,3,0.721608919,0,Student,Urban,No Criminal Background
32,0,1,0,1,0,Student,Urban,No Criminal Background
20,0,1,4,1,0,Student,Rural,Criminal Background
27,1,2,3,0.833546867,0,Employed,Rural,Criminal Background
32,0,3,0,0.434506624,0,Part-Time,Urban,No Criminal Background
33,0,2,1,0.15471496,1,Unemployed,Urban,No Criminal Background
34,1,0,3,0.238517639,0,Student,Urban,No Criminal Background
36,1,3,1,0.864833815,0,Part-Time,Urban,Criminal Background
28,1,3,1,0.900197939,1,Employed,Rural,No Criminal Background
65,0,3,0,1,0,Employed,Rural,Criminal Background
22,1,0,2,0.079788084,0,Student,Rural,No Criminal Background
22,0,1,4,0.814876191,0,Unemployed,Urban,No Criminal Background
31,0,1,0,0.98898217,1,Part-Time,Rural,No Criminal Background
67,0,0,3,0.898981582,0,Unemployed,Urban,No Criminal Background
43,0,0,4,0.743662036,0,Student,Rural,No Criminal Background
25,1,2,2,0.847012529,0,Student,Urban,No Criminal Background
22,0,2,0,0.395418734,1,Employed,Urban,Criminal Background
24,1,1,2,0.226085293,1,Employed,Rural,Criminal Background
33,0,0,3,0.236293795,0,Part-Time,Rural,No Criminal Background
31,1,2,0,0.013176558,0,Student,Urban,Criminal Background
54,1,0,3,0.385354059,0,Student,Urban,Criminal Background
58,1,0,4,0.096331253,0,Part-Time,Rural,Criminal Background
21,0,1,4,0.488019836,1,Unemployed,Urban,Criminal Background
53,0,1,2,0.829237302,0,Employed,Urban,No Criminal Background
65,0,0,2,0.983925861,0,Student,Urban,No Criminal Background
34,1,3,4,0.881585724,0,Student,Rural,No Criminal Background
64,0,3,1,0.351596166,0,Unemployed,Urban,No Criminal Background
53,0,0,4,0.169615175,0,Unemployed,Urban,No Criminal Background
23,0,1,0,0.293083712,1,Unemployed,Urban,Criminal Background
33,1,3,3,1,0,Employed,Rural,Criminal Background
46,0,1,4,0.761571629,0,Part-Time,Rural,No Criminal Background
53,0,3,4,0.231869074,0,Student,Rural,No Criminal Background
55,1,0,3,0.840746155,0,Employed,Urban,No Criminal Background
54,1,2,3,0.454469931,0,Unemployed,Urban,No Criminal Background
65,1,2,0,0.899222152,0,Student,Urban,Criminal Background
65,1,1,3,0.344093807,0,Student,Urban,Criminal Background
27,1,1,2,0.471866111,0,Employed,Urban,Criminal Background
58,1,3,4,0.580689927,0,Unemployed,Urban,Criminal Background
53,0,0,3,1,0,Unemployed,Rural,No Criminal Background
46,0,3,0,0.955633175,1,Part-Time,Urban,No Criminal Background
31,1,0,3,0.693533747,0,Unemployed,Rural,No Criminal Background
21,0,0,4,0.243953061,1,Employed,Urban,Criminal Background
61,1,1,1,0.484028366,0,Part-Time,Urban,No Criminal Background
59,0,2,3,1,0,Part-Time,Rural,No Criminal Background
53,1,2,2,0.638161885,1,Part-Time,Rural,No Criminal Background
67,1,1,4,1,0,Part-Time,Urban,Criminal Background
62,0,2,0,0.494851165,0,Part-Time,Urban,No Criminal Background
30,0,1,4,0.702249604,0,Employed,Urban,Criminal Background
63,0,3,1,0.495442,1,Student,Rural,Criminal Background
35,0,0,0,0.889195063,0,Unemployed,Urban,Criminal Background
50,0,2,1,0.936618115,0,Student,Urban,No Criminal Background
38,0,2,1,0.586004892,0,Student,Rural,No Criminal Background
33,0,3,2,0.638712202,1,Unemployed,Rural,No Criminal Background
32,0,3,3,0.473508619,0,Unemployed,Urban,Criminal Background
22,1,2,2,0.177096694,0,Student,Urban,Criminal Background
23,0,2,2,1,0,Unemployed,Rural,No Criminal Background
55,0,1,2,0.417225229,1,Part-Time,Urban,Criminal Background
20,1,1,0,1,0,Unemployed,Rural,Criminal Background
65,1,2,3,0.863781528,0,Unemployed,Rural,No Criminal Background
29,1,1,3,0.94910112,1,Part-Time,Urban,No Criminal Background
53,1,3,0,0.98360654,0,Part-Time,Rural,Criminal Background
50,0,0,2,0.791992551,0,Part-Time,Rural,No Criminal Background
53,0,1,2,1,1,Unemployed,Urban,No Criminal Background
50,1,0,1,0.176082189,1,Part-Time,Rural,Criminal Background
48,1,1,1,0.789657846,0,Part-Time,Rural,Criminal Background
38,0,2,4,0.849503174,0,Employed,Urban,Criminal Background
44,0,1,1,0.358566293,0,Employed,Urban,No Criminal Background
44,0,0,3,0.983906237,1,Unemployed,Rural,No Criminal Background
25,0,0,0,0.856324512,1,Part-Time,Urban,Criminal Background
54,1,2,2,1,0,Unemployed,Rural,Criminal Background
49,0,0,4,0.361379764,0,Employed,Rural,No Criminal Background
43,1,2,1,0.71568692,1,Employed,Rural,Criminal Background
19,1,2,4,0.304253283,0,Part-Time,Urban,No Criminal Background
29,1,0,0,0.892391268,0,Unemployed,Rural,Criminal Background
39,0,3,0,0.534734583,0,Employed,Rural,No Criminal Background
34,1,0,4,0.657298812,0,Student,Urban,No Criminal Background
24,0,0,4,0.45742398,1,Part-Time,Urban,No Criminal Background
60,1,1,4,0.223536439,1,Unemployed,Urban,No Criminal Background
21,0,0,2,0.195832483,0,Student,Urban,Criminal Background
54,1,1,3,0.097736823,0,Part-Time,Rural,Criminal Background
55,1,1,1,0.815855937,0,Part-Time,Urban,No Criminal Background
49,0,0,1,0.933502238,1,Employed,Urban,No Criminal Background
28,0,2,1,0.027676514,0,Unemployed,Rural,No Criminal Background
18,1,3,4,0.069551477,0,Employed,Rural,Criminal Background
42,1,0,4,0.457466992,0,Student,Urban,Criminal Background
59,0,0,4,0.81149281,0,Student,Urban,Criminal Background
69,1,2,2,0.157707645,0,Student,Urban,Criminal Background
41,0,1,2,0.358579742,1,Student,Urban,No Criminal Background
60,0,2,2,0.267967162,0,Student,Rural,Criminal Background
34,1,2,2,0.458908901,0,Unemployed,Urban,No Criminal Background
25,0,1,0,0.358625391,0,Unemployed,Rural,Criminal Background
62,1,0,2,0.370228612,0,Part-Time,Rural,Criminal Background
44,0,2,2,0.801396859,0,Part-Time,Urban,Criminal Background
69,0,2,2,0.811573034,0,Unemployed,Rural,Criminal Background
35,1,0,1,0.081181705,1,Part-Time,Urban,Criminal Background
44,0,0,1,0.701520233,0,Employed,Urban,No Criminal Background
39,1,3,1,0.548638747,0,Unemployed,Urban,No Criminal Background
33,0,2,3,1,0,Employed,Urban,No Criminal Background
19,0,3,0,0.334146486,1,Student,Rural,Criminal Background
22,0,1,4,1,0,Student,Urban,Criminal Background
35,0,0,2,0.844144251,1,Part-Time,Rural,No Criminal Background
20,1,0,1,0.254725898,0,Unemployed,Urban,Criminal Background
44,0,3,0,1,0,Student,Rural,Criminal Background
34,0,2,2,0.567316596,0,Part-Time,Rural,No Criminal Background
33,0,1,3,0.896126044,1,Employed,Urban,Criminal Background
23,1,2,4,0.184507282,0,Unemployed,Urban,Criminal Background
68,1,2,2,0.270694113,0,Part-Time,Rural,No Criminal Background
24,1,3,4,0.615412474,0,Student,Rural,Criminal Background
67,1,2,2,0.334978632,0,Employed,Rural,Criminal Background
31,0,3,3,0.54966221,0,Employed,Urban,No Criminal Background
55,0,0,0,0.411405719,0,Part-Time,Urban,No Criminal Background
57,0,0,4,0.891330608,0,Unemployed,Urban,Criminal Background
32,1,0,4,0.487145363,0,Part-Time,Urban,No Criminal Background
64,1,1,0,0.005808519,0,Student,Rural,Criminal Background
64,0,1,4,1,0,Unemployed,Rural,Criminal Background
65,0,2,1,0.536305438,0,Student,Rural,Criminal Background
50,0,3,0,0.394661583,0,Employed,Rural,Criminal Background
60,1,2,3,0.108739499,0,Employed,Rural,No Criminal Background
44,0,0,2,0.24240666,0,Student,Urban,No Criminal Background
46,0,2,2,0.246149521,0,Student,Urban,No Criminal Background
54,1,2,0,0.982137974,0,Employed,Rural,No Criminal Background
22,1,2,1,0.432512975,0,Part-Time,Urban,Criminal Background
46,0,0,3,0.050899675,0,Part-Time,Urban,No Criminal Background
49,1,3,2,0.15269835,0,Part-Time,Urban,Criminal Background
23,0,2,2,0.086935943,0,Student,Urban,Criminal Background
19,0,0,1,0.712531962,0,Student,Urban,Criminal Background
23,0,1,4,0.258657387,0,Employed,Rural,Criminal Background
63,0,3,0,0.662209186,0,Unemployed,Rural,Criminal Background
60,1,0,1,0.370062063,0,Part-Time,Urban,No Criminal Background
21,1,2,1,0.928477216,1,Part-Time,Rural,Criminal Background
46,1,0,1,0.336514119,0,Part-Time,Rural,No Criminal Background
42,0,3,1,0.504092031,1,Employed,Urban,Criminal Background
26,0,2,4,1,0,Unemployed,Urban,Criminal Background
20,0,1,3,0.657827132,1,Unemployed,Urban,Criminal Background
43,1,1,1,1,0,Unemployed,Urban,Criminal Background
65,1,1,1,0.917094518,1,Part-Time,Rural,Criminal Background
60,0,0,0,0.496740228,0,Student,Urban,No Criminal Background
44,1,3,2,0.503981926,0,Part-Time,Urban,Criminal Background
53,1,1,4,1,0,Unemployed,Rural,No Criminal Background
49,1,2,1,0.661611497,1,Employed,Urban,No Criminal Background
18,1,2,3,1,1,Unemployed,Rural,No Criminal Background
33,0,2,3,0.206466072,0,Part-Time,Rural,No Criminal Background
68,1,0,3,0.483236156,0,Student,Urban,No Criminal Background
65,0,3,0,1,0,Unemployed,Rural,Criminal Background
28,1,3,3,0.322612061,0,Student,Urban,Criminal Background
43,0,1,0,1,0,Unemployed,Rural,Criminal Background
57,0,3,4,0.10678524,1,Student,Urban,Criminal Background
18,1,2,3,0.90267117,0,Student,Urban,No Criminal Background
43,0,2,2,0.591353001,0,Unemployed,Rural,Criminal Background
45,0,0,1,0.081118582,0,Employed,Urban,Criminal Background
26,1,2,4,0.923497672,0,Part-Time,Rural,Criminal Background
61,0,3,2,0.290990945,0,Part-Time,Rural,No Criminal Background
39,1,2,4,0.025587644,0,Unemployed,Urban,No Criminal Background
25,0,1,3,0.188228648,0,Student,Rural,No Criminal Background
66,1,0,4,0.659114742,0,Part-Time,Urban,No Criminal Background
59,1,0,4,1,0,Student,Rural,No Criminal Background
44,1,3,4,0.11146214,0,Employed,Urban,Criminal Background
56,1,2,0,0.557802268,1,Unemployed,Rural,No Criminal Background
36,1,2,2,0.208635216,0,Employed,Rural,Criminal Background
42,0,3,3,0.860517197,1,Student,Rural,Criminal Background
55,0,3,1,0.136358029,0,Student,Rural,Criminal Background
38,1,1,3,0.382283763,0,Unemployed,Rural,No Criminal Background
41,0,3,3,0.237651221,0,Student,Urban,Criminal Background
41,0,2,0,0.698937522,0,Unemployed,Urban,Criminal Background
36,0,1,0,1,1,Unemployed,Rural,No Criminal Background
67,1,0,4,0.562199221,0,Employed,Urban,Criminal Background
64,1,2,3,0.058243453,0,Part-Time,Urban,No Criminal Background
19,0,0,2,0.681700606,0,Part-Time,Urban,No Criminal Background
31,1,0,0,0.837397049,0,Student,Rural,No Criminal Background
49,1,0,0,0.132156197,0,Part-Time,Urban,Criminal Background
59,0,2,2,0.087980569,0,Student,Urban,Criminal Background
49,1,0,0,0.216917983,0,Part-Time,Rural,Criminal Background
45,1,2,2,0.783390639,0,Employed,Rural,No Criminal Background
65,1,0,1,0.621264441,0,Part-Time,Rural,Criminal Background
56,1,3,2,0.567624387,0,Student,Rural,Criminal Background
57,1,3,1,0.288149278,0,Student,Rural,No Criminal Background
59,0,2,4,0.365460255,0,Part-Time,Urban,Criminal Background
64,1,0,4,1,0,Unemployed,Urban,Criminal Background
57,1,0,0,0.240625227,0,Employed,Urban,No Criminal Background
30,0,0,2,1,0,Unemployed,Rural,No Criminal Background
29,0,3,0,0.638584655,1,Part-Time,Urban,Criminal Background
25,1,0,2,0.163768531,0,Unemployed,Rural,Criminal Background
32,0,0,0,0.514043616,0,Part-Time,Urban,No Criminal Background
43,1,2,4,0.948548717,1,Student,Urban,No Criminal Background
29,0,0,4,0.555959756,0,Unemployed,Rural,No Criminal Background
60,1,3,0,0.863386565,0,Employed,Urban,Criminal Background
68,0,0,2,0.324382299,0,Unemployed,Urban,No Criminal Background
63,1,3,3,0.599468259,1,Student,Rural,Criminal Background
44,0,3,2,0.928237264,1,Student,Urban,No Criminal Background
35,1,1,0,1,0,Student,Urban,Criminal Background
62,1,3,2,0.558696872,0,Unemployed,Urban,No Criminal Background
53,1,1,1,0.806007009,0,Student,Rural,No Criminal Background
66,0,1,2,0.004543507,0,Student,Rural,Criminal Background
68,0,0,4,0.320327484,0,Unemployed,Urban,No Criminal Background
44,1,1,4,0.384622703,0,Unemployed,Urban,No Criminal Background
26,1,2,1,0.098167662,0,Part-Time,Rural,Criminal Background
56,1,3,2,0.337731729,1,Unemployed,Rural,Criminal Background
18,1,2,3,0.370895948,0,Student,Rural,No Criminal Background
24,0,1,2,1,0,Employed,Urban,No Criminal Background
43,0,0,4,0.80900888,1,Student,Urban,Criminal Background
24,0,3,4,0.541239453,1,Student,Rural,Criminal Background
69,1,2,0,1,0,Student,Rural,Criminal Background
24,1,0,4,0.193838885,0,Unemployed,Urban,Criminal Background
25,0,1,0,0.659806955,0,Employed,Rural,No Criminal Background
33,0,0,4,0.711768428,1,Student,Urban,No Criminal Background
20,0,2,4,0.073824978,0,Unemployed,Rural,No Criminal Background
62,0,0,3,0.910947049,0,Part-Time,Rural,Criminal Background
27,1,2,0,0.099867353,0,Employed,Urban,Criminal Background
67,1,0,0,0.147296424,0,Employed,Rural,No Criminal Background
24,1,3,4,0.192825086,1,Unemployed,Rural,Criminal Background
38,0,0,0,1,0,Part-Time,Urban,Criminal Background
54,1,3,4,0.683235545,0,Student,Urban,No Criminal Background
48,0,2,4,0.720970251,0,Part-Time,Urban,No Criminal Background
40,0,3,2,0.611042846,0,Employed,Urban,Criminal Background
44,0,0,0,0.370399588,0,Unemployed,Urban,No Criminal Background
39,0,3,1,0.717127609,1,Part-Time,Rural,No Criminal Background
56,0,2,0,0.521095219,1,Student,Rural,Criminal Background
44,1,0,0,0.14541615,0,Part-Time,Urban,Criminal Background
66,1,3,3,0.68959729,0,Part-Time,Urban,Criminal Background
21,1,3,1,0.156470468,1,Unemployed,Rural,Criminal Background
41,0,1,1,0.318378397,0,Unemployed,Urban,No Criminal Background
40,1,3,3,0.817699312,1,Employed,Urban,Criminal Background
65,0,1,3,1,0,Unemployed,Urban,Criminal Background
36,1,2,0,0.662540712,0,Part-Time,Rural,No Criminal Background
59,0,1,2,0.552027675,0,Student,Urban,No Criminal Background
20,0,2,3,0.457703999,1,Employed,Rural,No Criminal Background
44,1,3,1,0.833492101,1,Unemployed,Rural,Criminal Background
20,0,3,1,0.814006092,0,Part-Time,Urban,Criminal Background
45,1,1,0,0.673481427,0,Part-Time,Urban,No Criminal Background
34,1,2,2,1,0,Employed,Urban,Criminal Background
48,1,3,4,1,0,Employed,Rural,No Criminal Background
27,0,1,3,0.626067966,0,Unemployed,Urban,Criminal Background
66,0,1,3,1,0,Unemployed,Rural,No Criminal Background
39,0,1,0,0.752969228,0,Student,Rural,No Criminal Background
47,0,3,2,0.650185855,0,Employed,Rural,No Criminal Background
66,1,2,1,0.054964061,0,Employed,Urban,No Criminal Background
38,0,3,1,0.72923487,0,Part-Time,Rural,No Criminal Background
53,1,0,4,0.945606827,0,Student,Rural,No Criminal Background
40,1,0,1,0.897153927,1,Unemployed,Urban,Criminal Background
55,0,3,3,0.864948859,0,Student,Urban,Criminal Background
29,0,2,4,0.175921942,0,Student,Urban,No Criminal Background
42,1,1,2,0.451646303,0,Part-Time,Rural,Criminal Background
37,0,0,4,0.296286847,1,Employed,Rural,Criminal Background
66,1,0,2,0.315915282,0,Employed,Urban,Criminal Background
66,0,3,1,0.669367942,0,Employed,Rural,Criminal Background
59,0,0,0,0.53297651,1,Unemployed,Rural,No Criminal Background
24,1,0,4,0.560697817,0,Employed,Urban,Criminal Background
46,1,1,4,0.552511573,0,Student,Rural,Criminal Background
65,1,1,3,0.397249164,0,Student,Rural,Criminal Background
46,0,2,3,0.104943778,1,Employed,Urban,No Criminal Background
30,0,0,2,0.981022303,0,Student,Urban,No Criminal Background
20,0,2,0,0.016617341,0,Unemployed,Rural,Criminal Background
19,1,2,3,0.001735113,0,Employed,Rural,Criminal Background
33,1,1,3,1,0,Unemployed,Urban,Criminal Background
47,0,1,1,1,1,Employed,Urban,Criminal Background
55,1,3,1,0.919785077,0,Unemployed,Urban,Criminal Background
23,0,1,3,0.023185686,0,Unemployed,Urban,No Criminal Background
62,1,2,2,0.286763137,1,Unemployed,Urban,No Criminal Background
24,0,0,0,1,0,Student,Urban,Criminal Background
22,0,2,3,1,0,Unemployed,Urban,Criminal Background
24,0,2,2,0.685827811,0,Part-Time,Urban,Criminal Background
51,1,2,2,0.286009307,0,Unemployed,Rural,No Criminal Background
49,1,1,3,0.019830884,0,Unemployed,Urban,No Criminal Background
66,0,2,2,0.026389763,0,Unemployed,Urban,Criminal Background
30,0,3,4,0.774155792,0,Unemployed,Urban,No Criminal Background
47,0,0,2,0.025215817,0,Employed,Rural,Criminal Background
42,0,1,3,1,0,Student,Rural,No Criminal Background
38,0,2,2,0.201722217,0,Student,Urban,No Criminal Background
38,0,3,3,0.781778098,0,Student,Urban,No Criminal Background
45,1,0,1,0.162812707,0,Employed,Rural,No Criminal Background
65,1,2,3,0.621107434,0,Unemployed,Urban,No Criminal Background
37,1,0,2,0.107071944,1,Unemployed,Rural,No Criminal Background
51,1,1,3,0.920134109,1,Student,Urban,Criminal Background
22,0,1,0,0.772095845,0,Part-Time,Urban,Criminal Background
35,0,3,3,0.114450911,1,Unemployed,Rural,Criminal Background
56,0,1,3,1,1,Unemployed,Rural,Criminal Background
60,1,3,0,0.726577475,0,Unemployed,Rural,Criminal Background
28,1,2,0,0.967671926,0,Employed,Rural,Criminal Background
34,0,0,0,1,1,Unemployed,Rural,Criminal Background
65,1,1,4,1,0,Student,Rural,Criminal Background
62,1,0,3,0.093925629,0,Unemployed,Rural,Criminal Background
39,0,0,0,0.153676836,0,Student,Rural,No Criminal Background
54,0,2,0,1,0,Part-Time,Rural,Criminal Background
37,0,2,1,0.536360904,0,Employed,Urban,Criminal Background
65,1,1,4,0.285856863,0,Part-Time,Urban,No Criminal Background
65,0,2,3,0.973625578,0,Unemployed,Urban,Criminal Background
65,0,0,2,0.290713743,0,Part-Time,Urban,Criminal Background
63,0,3,4,0.919927845,1,Unemployed,Urban,No Criminal Background
23,1,3,4,0.879150067,0,Student,Rural,No Criminal Background
51,1,3,1,0.992093172,0,Unemployed,Urban,No Criminal Background
31,0,1,3,0.397917418,0,Employed,Urban,Criminal Background
65,0,2,3,0.441780431,0,Part-Time,Urban,Criminal Background
40,1,2,0,0.499000586,1,Unemployed,Rural,Criminal Background
37,1,2,0,0.56742022,0,Student,Rural,Criminal Background
30,0,2,4,0.193315644,0,Part-Time,Rural,Criminal Background
64,1,0,1,0.45247005,0,Employed,Urban,Criminal Background
61,0,3,3,0.710754531,0,Unemployed,Urban,Criminal Background
58,0,0,1,0.584879896,0,Employed,Urban,Criminal Background
49,1,1,2,1,0,Student,Urban,Criminal Background
43,0,3,3,0.625974743,0,Part-Time,Urban,Criminal Background
67,0,3,0,0.253862315,0,Part-Time,Urban,No Criminal Background
31,1,0,4,0.696285175,1,Part-Time,Rural,Criminal Background
69,0,1,1,1,0,Student,Rural,No Criminal Background
53,1,1,0,0.462769545,0,Unemployed,Rural,Criminal Background
25,0,3,4,0.94284036,1,Unemployed,Rural,No Criminal Background
57,0,2,0,0.204464221,1,Unemployed,Urban,Criminal Background
39,1,1,3,0.410311565,0,Employed,Urban,Criminal Background
39,1,0,1,0.90922393,1,Student,Urban,No Criminal Background
33,1,1,2,1,0,Part-Time,Urban,No Criminal Background
44,1,3,0,0.632857037,0,Student,Urban,No Criminal Background
27,1,2,1,0.702351461,0,Student,Urban,No Criminal Background
42,1,1,3,1,0,Student,Urban,No Criminal Background
48,0,3,0,1,0,Part-Time,Urban,No Criminal Background
38,1,1,3,0.617256915,0,Part-Time,Rural,Criminal Background
44,0,2,2,0.61773331,0,Employed,Urban,Criminal Background
34,1,0,2,0.436423645,1,Student,Rural,No Criminal Background
50,0,3,4,0.09105715,0,Unemployed,Urban,Criminal Background
48,0,3,4,0.46508382,0,Employed,Urban,Criminal Background
67,1,2,4,0.830158706,0,Part-Time,Rural,No Criminal Background
59,0,3,3,0.885374048,0,Part-Time,Urban,Criminal Background
43,0,2,4,0.981614826,1,Employed,Urban,Criminal Background
38,0,3,1,0.068360651,0,Unemployed,Rural,No Criminal Background
53,1,2,3,0.52715459,0,Student,Urban,No Criminal Background
18,1,1,3,0.135354855,0,Student,Rural,Criminal Background
21,0,1,4,0.304726634,1,Unemployed,Urban,Criminal Background
21,1,1,4,1,0,Student,Urban,No Criminal Background
43,1,3,3,0.521630821,0,Part-Time,Rural,No Criminal Background
21,0,2,2,0.834399413,0,Employed,Urban,Criminal Background
66,0,2,2,0.085518189,1,Unemployed,Rural,Criminal Background
26,1,0,4,0.458509154,0,Employed,Urban,No Criminal Background
47,1,1,2,0.809088337,1,Student,Urban,No Criminal Background
68,1,0,1,0.140076805,0,Student,Rural,Criminal Background
62,0,1,1,0.4300796,0,Part-Time,Urban,No Criminal Background
21,1,0,1,0.067775195,0,Part-Time,Rural,No Criminal Background
22,1,1,3,0.781607929,0,Student,Urban,Criminal Background
62,1,2,3,1,1,Student,Rural,No Criminal Background
40,0,1,3,1,1,Part-Time,Rural,No Criminal Background
33,0,3,3,1,0,Part-Time,Rural,No Criminal Background
39,0,1,3,1,0,Unemployed,Rural,No Criminal Background
54,1,1,4,1,1,Part-Time,Urban,No Criminal Background
25,1,2,2,0.696941463,0,Unemployed,Rural,No Criminal Background
65,0,3,4,0.655589174,1,Unemployed,Urban,Criminal Background
50,1,2,2,0.406254266,1,Employed,Urban,No Criminal Background
55,1,0,4,0.818094895,0,Part-Time,Urban,No Criminal Background
60,1,0,1,0.219846642,1,Unemployed,Rural,Criminal Background
33,0,3,0,0.064939778,0,Employed,Rural,Criminal Background
22,1,0,3,1,0,Employed,Urban,Criminal Background
33,1,3,0,0.003778185,0,Part-Time,Urban,No Criminal Background
24,0,1,0,1,0,Part-Time,Urban,Criminal Background
68,1,0,1,0.765296038,0,Employed,Rural,Criminal Background
18,0,1,0,0.575953871,1,Unemployed,Rural,Criminal Background
26,1,2,0,0.732710835,0,Part-Time,Rural,No Criminal Background
35,0,0,1,0.98962894,0,Employed,Urban,Criminal Background
62,0,2,2,0.311732492,0,Employed,Rural,No Criminal Background
64,1,2,4,1,0,Unemployed,Rural,No Criminal Background
20,1,3,0,0.844588106,0,Student,Rural,Criminal Background
41,0,2,3,0.331205287,0,Unemployed,Rural,No Criminal Background
45,1,3,1,0.041926354,0,Employed,Urban,No Criminal Background
27,0,3,0,0.25821469,0,Unemployed,Urban,No Criminal Background
26,1,3,2,0.200646409,1,Part-Time,Urban,No Criminal Background
30,1,3,2,0.065240454,0,Employed,Urban,No Criminal Background
65,1,3,3,0.876653917,0,Unemployed,Rural,Criminal Background
52,1,1,0,0.576801935,1,Unemployed,Urban,No Criminal Background
40,0,3,3,1,1,Unemployed,Urban,No Criminal Background
64,0,0,2,0.318996449,0,Unemployed,Urban,No Criminal Background
34,1,3,2,0.453232165,0,Employed,Urban,No Criminal Background
63,1,1,4,0.881844052,1,Unemployed,Urban,Criminal Background
24,1,0,2,0.921338197,0,Part-Time,Rural,Criminal Background
69,1,0,1,0.524621102,1,Student,Urban,No Criminal Background
33,1,1,4,0.470641031,0,Student,Rural,No Criminal Background
57,0,0,3,1,0,Student,Rural,Criminal Background
53,0,1,2,0.430001545,0,Part-Time,Rural,No Criminal Background
37,1,2,1,0.08736607,0,Student,Urban,No Criminal Background
41,0,2,4,0.489546318,0,Employed,Urban,Criminal Background
64,0,3,1,0.997461046,0,Employed,Rural,Criminal Background
22,1,3,4,0.030780832,0,Part-Time,Urban,No Criminal Background
62,0,3,4,0.676693993,1,Part-Time,Rural,Criminal Background
23,0,3,4,0.755266574,0,Employed,Rural,No Criminal Background
45,0,1,3,1,0,Part-Time,Urban,No Criminal Background
22,0,2,4,0.315111299,1,Part-Time,Urban,No Criminal Background
66,1,1,4,0.351334133,0,Employed,Rural,No Criminal Background
56,0,0,1,0.484532016,0,Employed,Urban,Criminal Background
55,0,0,4,0.474072218,0,Unemployed,Rural,Criminal Background
19,0,0,3,0.978051392,0,Unemployed,Rural,Criminal Background
60,1,0,1,0.641752077,0,Student,Urban,No Criminal Background
56,0,0,4,0.876553799,1,Part-Time,Rural,Criminal Background
38,0,2,1,0.90204597,0,Employed,Urban,No Criminal Background
57,0,1,3,1,0,Student,Urban,Criminal Background
54,1,0,1,0.520356104,0,Unemployed,Rural,No Criminal Background
35,1,3,3,0.984697389,0,Part-Time,Urban,No Criminal Background
65,1,2,2,0.226443854,1,Student,Rural,Criminal Background
63,1,3,4,0.785801678,0,Part-Time,Urban,No Criminal Background
29,1,2,3,0.616780761,0,Student,Rural,No Criminal Background
34,0,2,4,0.943520187,0,Part-Time,Rural,Criminal Background
54,1,3,3,0.500609047,0,Part-Time,Rural,Criminal Background
63,0,3,0,0.862332499,0,Employed,Urban,No Criminal Background
55,1,0,0,1,0,Part-Time,Rural,No Criminal Background
32,1,3,0,0.884245326,0,Unemployed,Rural,No Criminal Background
24,1,1,3,1,1,Employed,Rural,No Criminal Background
31,0,2,4,0.073892974,0,Part-Time,Urban,Criminal Background
67,0,2,0,0.299458516,0,Unemployed,Rural,Criminal Background
18,0,0,4,1,0,Unemployed,Rural,No Criminal Background
55,1,2,3,0.727846354,0,Student,Rural,No Criminal Background
20,1,3,4,0.561449017,0,Employed,Urban,No Criminal Background
54,1,2,4,0.385325192,1,Employed,Rural,No Criminal Background
61,1,2,0,0.044389001,0,Student,Urban,Criminal Background
48,1,3,1,0.369135908,0,Student,Urban,Criminal Background
60,1,3,2,0.498912873,1,Student,Urban,Criminal Background
30,0,2,3,0.23260546,0,Employed,Urban,Criminal Background
